#150
0 0 0.1700958759
1 0 0.198109895
2 0 0.2662826478
3 0 0.2206183076
4 0 0.2734106183
5 0 0.2622956336
#152
0 0 0.2055976987
0 1 0.2547340393
0 2 0.1519274414
0 3 0.1015618816
0 4 0.1640897393
1 0 0.1713323444
1 1 0.3122878969
1 2 0.1007748544
1 3 0.2392544001
1 4 0.0663611293
2 0 0.2058570236
2 1 0.3132915795
2 2 0.1615816057
2 3 0.2834387124
2 4 0.0765996054
3 0 0.2089328319
3 1 0.3533407152
3 2 0.1533553153
3 3 0.2264089137
3 4 0.0728829056
4 0 0.1880211979
4 1 0.3680002093
4 2 0.1064189151
4 3 0.2096211016
4 4 0.0585863814
5 0 0.1043341234
5 1 -0.0076194294
5 2 -0.0581756905
5 3 0.3487576842
5 4 0.0742883906
6 0 0.2270952761
6 1 0.2521581054
6 2 0.1461627334
6 3 0.1046608463
6 4 0.1369014233
7 0 0.2549780309
7 1 0.1370776743
7 2 0.1427137852
7 3 0.543063581
7 4 0.1566145122
8 0 0.0871114135
8 1 0.0312273689
8 2 -0.0968032703
8 3 0.298620522
8 4 0.0729020089
9 0 0.0875848532
9 1 0.0179707706
9 2 -0.0733340159
9 3 0.3579716682
9 4 0.0800410509
10 0 -0.0454525389
10 1 0.0702216104
10 2 0.0778798312
10 3 -0.0219584927
10 4 0.104151763
11 0 0.1181819588
11 1 -0.0441494137
11 2 0.0781935826
11 3 0.2584024072
11 4 0.2387011945
12 0 -0.0376469344
12 1 0.0819811597
12 2 0.0803650022
12 3 -0.0115598924
12 4 0.1190501228
13 0 -0.0454525389
13 1 0.0702216104
13 2 0.0778798312
13 3 -0.0219584927
13 4 0.104151763
#199
0 0 0.0453183465
0 1 0.0590007491
1 0 0.3103716969
1 1 0.1157659665
2 0 0.2987155616
2 1 0.1153793558
3 0 0.0848079622
3 1 0.0295203049
4 0 0.1607878655
4 1 0.2112509459
5 0 0.0998300537
5 1 0.0523688644
6 0 -0.0171901304
6 1 -0.036706008
7 0 0.1464635134
7 1 0.2259654105
8 0 0.0997928604
8 1 0.0522734933
#166-2
0 0 0.117271848
0 1 0.0879205316
0 2 -0.0226326287
1 0 0.2226546705
1 1 0.2962981462
1 2 0.1791120172
2 0 0.3108619452
2 1 0.2491378188
2 2 0.1002778709
3 0 0.0927462429
3 1 0.2497114092
3 2 0.0154824518
4 0 -0.0013392423
4 1 0.4282960892
4 2 0.2458237261
5 0 0.0089416765
5 1 0.2094913423
5 2 -0.0678005219
6 0 0.2668206692
6 1 0.395807296
6 2 0.1581841409
7 0 0.0927462429
7 1 0.2497114092
7 2 0.0154824518
#166-1
0 0 0.1812402606
0 1 0.0698211044
0 2 0.0856864825
0 3 0.2865223587
1 0 0.1028687209
1 1 -0.0124975611
1 2 0.0332274288
1 3 0.2045346797
2 0 -0.0357597955
2 1 -0.1629899889
2 2 0.0355019942
2 3 0.1051084101
3 0 0.3574130833
3 1 0.1618898362
3 2 0.0047858306
3 3 0.3870494664
4 0 0.2233201861
4 1 0.074007839
4 2 0.0219067428
4 3 0.2483270019
5 0 0.3323837817
5 1 0.1381068975
5 2 -0.0156373978
5 3 0.3531864882
6 0 0.1558410227
6 1 0.1678023636
6 2 0.0204053782
6 3 0.1627455652
7 0 0.2016303539
7 1 0.2340147495
7 2 0.033984229
7 3 0.2222172767
8 0 0.1857251525
8 1 0.3355283737
8 2 0.2922381759
8 3 0.2494769543
9 0 0.3027444184
9 1 0.1024657562
9 2 -0.1080214605
9 3 0.305809319
#217
0 0 0.2079353184
0 1 0.1480536461
0 2 0.1068247631
0 3 0.1513996571
1 0 0.1294105649
1 1 0.1478625834
1 2 0.2360914499
1 3 0.1106571034
2 0 0.2347671241
2 1 0.1824523807
2 2 0.0964992791
2 3 0.1678704768
3 0 0.312838465
3 1 0.29470402
3 2 0.0999183804
3 3 0.3514566123
4 0 0.1227325574
4 1 0.1336578429
4 2 0.2239656448
4 3 0.09715157
5 0 0.1285844296
5 1 0.1433394104
5 2 0.2281443924
5 3 0.1032755002
#223
0 0 0.5121287704
0 1 0.0473004915
0 2 0.0029753121
1 0 0.38643381
1 1 0.2522686124
1 2 -0.0156630389
2 0 0.0512950048
2 1 0.1268842816
2 2 0.2060055733
3 0 0.0948240459
3 1 0.0501604713
3 2 0.0741254315
4 0 0.4333027899
4 1 0.0922488719
4 2 -0.0508174673
5 0 0.0067368234
5 1 -0.0696382448
5 2 -0.2109420151
6 0 0.1438852847
6 1 0.0553221926
6 2 0.0800652355
7 0 0.377173394
7 1 0.1412857175
7 2 0.0306640044
8 0 0.1655778438
8 1 0.0470080189
8 2 -0.0691500977
9 0 0.3724210858
9 1 0.1965384781
9 2 0.0645551905
10 0 0.3436335921
10 1 0.3008485138
10 2 0.1703176647
11 0 0.2875572145
11 1 0.3472654819
11 2 0.1851573884
12 0 0.3305114508
12 1 0.4128945172
12 2 0.1320175976
13 0 0.2735204995
13 1 0.3156940043
13 2 0.0340163298
14 0 0.3836474121
14 1 0.1197671294
14 2 0.2242455781
15 0 0.0071542598
15 1 0.1696210057
15 2 0.2544009686
16 0 0.0192284081
16 1 0.2181405127
16 2 0.2749797702
#316-1
0 0 -0.1595353037
0 1 0.2561036944
0 2 0.125769943
0 3 0.1458483189
1 0 0.0064763655
1 1 0.3033334017
1 2 0.1791417152
1 3 0.04358178
2 0 0.1743965149
2 1 0.1581005901
2 2 0.0634775907
2 3 -0.0386743993
3 0 -0.0895434171
3 1 0.4314113259
3 2 0.0928881243
3 3 0.0769122988
4 0 -0.0580182597
4 1 0.2684844434
4 2 0.1211048588
4 3 0.0122766299
5 0 -0.099105075
5 1 0.0082370294
5 2 0.4066935778
5 3 0.2389032394
6 0 -0.2213650793
6 1 0.2205147594
6 2 -0.0517714024
6 3 0.0999386162
7 0 -0.300765723
7 1 0.2048424631
7 2 -0.0940075666
7 3 0.3393964767
8 0 -0.2936467826
8 1 0.2274326831
8 2 -0.0608943179
8 3 0.333879441
9 0 -0.3064077199
9 1 0.1609755009
9 2 0.034689635
9 3 0.3428193629
10 0 -0.1533124745
10 1 0.0235843696
10 2 0.2833249271
10 3 0.2975496948
11 0 -0.0372419953
11 1 0.3500507772
11 2 0.2172714025
11 3 0.0765993521
12 0 -0.1886832714
12 1 0.2479608506
12 2 -0.1346962452
12 3 0.1791161895
13 0 -0.2679916322
13 1 0.2594234645
13 2 0.093640849
13 3 0.3887498081
14 0 -0.3005537391
14 1 0.2320658714
14 2 -0.0479749739
14 3 0.3457074463
15 0 0.0217795875
15 1 0.1662663519
15 2 0.1595949978
15 3 0.0462080799
16 0 0.024154719
16 1 0.1605082005
16 2 0.166135177
16 3 0.0485556014
#337
0 0 0.0775508285
0 1 0.0812133774
0 2 0.0569554567
1 0 0.185142979
1 1 0.092430599
1 2 0.1329409927
2 0 0.1352032125
2 1 0.1190856472
2 2 0.0276873987
3 0 0.2057267874
3 1 0.0465005413
3 2 0.1158594415
4 0 0.2955781817
4 1 0.279401511
4 2 0.1073640361
5 0 0.2162185311
5 1 0.1826837808
5 2 0.3019489348
6 0 0.1170433983
6 1 0.1466091871
6 2 0.2636713088
7 0 0.3279950619
7 1 0.0271590408
7 2 0.0572117008
8 0 0.4021196067
8 1 0.1574221253
8 2 0.2197659612
9 0 0.0517704934
9 1 0.0969556719
9 2 0.1372641325
10 0 0.1605981439
10 1 0.2775797248
10 2 0.1173271462
11 0 0.2728589475
11 1 0.2067398131
11 2 0.0663837194
#67
0 0 0.1130668595
0 1 0.2180110812
1 0 0.0880107656
1 1 0.0812360048
2 0 0.1303636879
2 1 0.048875872
3 0 0.0093437098
3 1 0.0271544866
4 0 -0.0596560761
4 1 -0.0258688144
5 0 0.2405976057
5 1 0.3460403085
6 0 0.2269971073
6 1 0.3494085371
7 0 0.2442145497
7 1 0.3500648141
8 0 0.2401118129
8 1 0.3509707153
9 0 0.0850865841
9 1 0.155707255
10 0 0.2079886198
10 1 0.2987380326
11 0 0.217048496
11 1 0.3139454424
12 0 -0.0629392937
12 1 -0.139929831
13 0 0.2414577156
13 1 0.3147939146
14 0 0.2106509954
14 1 0.3062776923
15 0 0.3091883361
15 1 0.4236988127
#191
#330
0 0 0.236872822
0 1 -0.0572991893
0 2 0.0705250353
0 3 0.1302037239
0 4 0.1417885572
1 0 0.2266444266
1 1 0.0854542479
1 2 0.169195652
1 3 0.0340202674
1 4 0.0354149528
2 0 0.0021788958
2 1 0.0349736065
2 2 0.3140727282
2 3 -0.0227722488
2 4 -0.0344332494
3 0 0.0360494703
3 1 -0.0160000306
3 2 -0.0676240474
3 3 0.0796681866
3 4 0.0850414932
4 0 0.2334229201
4 1 -0.0025243792
4 2 0.0642119721
4 3 0.0837721452
4 4 0.0867301375
5 0 0.2334034741
5 1 0.2184476405
5 2 0.1943007112
5 3 0.0206915513
5 4 0.0159981214
6 0 0.2820906341
6 1 0.2506387532
6 2 0.2037709355
6 3 0.1968346387
6 4 0.1868548095
7 0 0.2970199585
7 1 0.2560678422
7 2 0.2315642089
7 3 0.157653898
7 4 0.1566592753
8 0 0.3670114875
8 1 0.208182022
8 2 0.3480313122
8 3 0.2209983319
8 4 0.217890963
9 0 0.3585453033
9 1 0.2924140394
9 2 0.1646524668
9 3 0.3307951391
9 4 0.3154797852
10 0 0.3799007535
10 1 0.2218624353
10 2 0.1053086445
10 3 0.3729487956
10 4 0.3812737167
11 0 0.1607336402
11 1 0.3076702058
11 2 0.0500565246
11 3 0.1880820841
11 4 0.1930380464
12 0 0.208572194
12 1 -0.048937317
12 2 0.1196324751
12 3 0.0358654819
12 4 0.031063363
13 0 0.1601476669
13 1 0.3140889108
13 2 0.0539359301
13 3 0.1761448532
13 4 0.1806157827
14 0 0.1705058366
14 1 0.3196939528
14 2 0.0568582974
14 3 0.1893589795
14 4 0.1939919293
15 0 0.1706441194
15 1 0.3196703792
15 2 0.0570271723
15 3 0.1894010454
15 4 0.1940234005
16 0 0.1581592411
16 1 0.3127373159
16 2 0.053381566
16 3 0.175015986
16 4 0.1794998199
17 0 0.0337433778
17 1 -0.0214634798
17 2 -0.0628391877
17 3 0.0764074698
17 4 0.0819200724
18 0 0.2980692983
18 1 0.0817334503
18 2 0.3370531499
18 3 0.016717311
18 4 0.0252445787
19 0 0.2409053296
19 1 0.0495459847
19 2 0.0837378725
19 3 0.0626870543
19 4 0.0769631341
20 0 0.2365793288
20 1 0.0427523702
20 2 0.0852840394
20 3 0.0589853376
20 4 0.0731451362
#333
0 0 0.0876494944
0 1 0.1930415332
0 2 0.2737216353
0 3 0.2224749476
1 0 0.0714355186
1 1 0.138800025
1 2 0.0779725462
1 3 0.1273205578
2 0 0.2164360136
2 1 0.125324294
2 2 0.2642655969
2 3 0.1275926083
3 0 0.1742252856
3 1 0.1441909969
3 2 0.2451270074
3 3 0.2085882127
4 0 0.3062073588
4 1 0.2368331999
4 2 0.1996849328
4 3 0.0873485729
5 0 0.1819076687
5 1 0.135252282
5 2 0.2202099115
5 3 0.1560450345
6 0 0.2740964293
6 1 0.1422645301
6 2 0.2509828508
6 3 0.1998454928
7 0 0.2237805277
7 1 0.2055372596
7 2 0.1397368014
7 3 0.1764166504
8 0 0.340005964
8 1 0.1637451649
8 2 0.3111617565
8 3 0.1371428072
9 0 0.2679607868
9 1 0.1164332181
9 2 0.2973120511
9 3 0.1263940036
10 0 0.229568094
10 1 0.0967979804
10 2 0.246222496
10 3 0.1277694255
11 0 0.1581632346
11 1 0.1615086794
11 2 0.2607612014
11 3 0.1775709987
12 0 0.1520491391
12 1 0.131525144
12 2 0.2349305153
12 3 0.1659656912
13 0 0.1333685815
13 1 0.0058367662
13 2 0.1512517333
13 3 -0.011156871
14 0 0.149633497
14 1 0.0822141543
14 2 0.1940643489
14 3 0.0421644375
15 0 0.1249013245
15 1 -0.0006675106
15 2 0.1351685226
15 3 -0.0152226416
16 0 0.1345303059
16 1 0.0697234496
16 2 0.1781801134
16 3 0.0379479565
17 0 0.2101977021
17 1 0.1482429802
17 2 0.2300299853
17 3 0.1997567564
18 0 0.1601780802
18 1 0.0746555105
18 2 0.3083171844
18 3 0.1724339426
19 0 0.1497610807
19 1 0.1022090018
19 2 0.2815235257
19 3 0.1947892457
20 0 0.1241819933
20 1 0.0977242067
20 2 0.3059714735
20 3 0.186430186
21 0 0.3568466902
21 1 0.2414240241
21 2 0.492095083
21 3 0.1165301055
22 0 0.1601780802
22 1 0.0746555105
22 2 0.3083171844
22 3 0.1724339426
23 0 0.2041370273
23 1 0.0679876804
23 2 0.2901211381
23 3 0.2570371926
24 0 0.2213792652
24 1 0.1134098098
24 2 0.3790099323
24 3 0.289516747
25 0 0.0875168517
25 1 0.2406076491
25 2 0.1187209412
25 3 0.1596349329
26 0 0.2148741931
26 1 0.1554617435
26 2 0.2306597084
26 3 0.1839551777
27 0 0.2146338522
27 1 0.3017026186
27 2 0.3984932601
27 3 0.1984816343
28 0 0.1241855472
28 1 0.0848259479
28 2 0.4401465952
28 3 0.2151549011
29 0 0.1045117751
29 1 0.1672176421
29 2 0.1190361232
29 3 0.1475279331
30 0 0.1030627787
30 1 0.1687589735
30 2 0.1244705468
30 3 0.1533215344
31 0 0.3568466902
31 1 0.2414240241
31 2 0.492095083
31 3 0.1165301055
32 0 0.1045372337
32 1 0.1703760326
32 2 0.1217918694
32 3 0.1517593712
33 0 0.1004244909
33 1 0.1685998589
33 2 0.1189959496
33 3 0.14887245
34 0 0.1008853465
34 1 0.1693330109
34 2 0.1188988388
34 3 0.1491930187
35 0 0.068175748
35 1 0.1373455375
35 2 0.0768382922
35 3 0.12536484
#168-2
0 0 0.2100262195
0 1 -0.0118187042
1 0 0.1700454056
1 1 0.1287790835
2 0 0.1776887774
2 1 -0.0723593831
3 0 0.1596250832
3 1 -0.0103324801
4 0 0.1596167535
4 1 -0.0095740221
5 0 0.170085609
5 1 0.1276097745
#61
0 0 0.1664749682
0 1 0.1314311177
0 2 0.0863549411
0 3 0.1400157064
1 0 0.1550128162
1 1 -0.0960712656
1 2 -0.118462868
1 3 -0.0341069959
2 0 0.2972575128
2 1 0.1748853177
2 2 0.122816585
2 3 0.0950693339
3 0 0.3915574551
3 1 0.1971356422
3 2 0.0393171608
3 3 0.1816714257
4 0 0.4248753786
4 1 0.2129066885
4 2 0.0579415672
4 3 0.2016235888
5 0 0.3910230398
5 1 0.1671689302
5 2 -0.0191344209
5 3 0.1724107862
6 0 0.4133695364
6 1 0.1970562786
6 2 0.0379529744
6 3 0.1858959794
7 0 0.4591800869
7 1 0.3171681762
7 2 0.2459314615
7 3 0.4200455546
8 0 0.1639875174
8 1 0.1479667872
8 2 0.0904167593
8 3 0.1433400512
9 0 0.1664325595
9 1 0.131279856
9 2 0.0865372196
9 3 0.1399240196
10 0 0.166166693
10 1 0.1312690377
10 2 0.0864623934
10 3 0.139798969
#117
0 0 0.2919317484
0 1 0.2812904716
1 0 0.3173259795
1 1 0.3071620762
2 0 0.5289075971
2 1 0.590369761
3 0 0.1907158196
3 1 0.239792034
4 0 0.5468500853
4 1 0.5941621065
5 0 0.184973374
5 1 0.2309771776
6 0 0.4344569445
6 1 0.4568037093
7 0 0.1419290304
7 1 0.1486774236
#259
0 0 0.2140213698
0 1 0.1269794106
0 2 0.1675445437
0 3 0.2212116569
1 0 -0.0925756097
1 1 -0.0072752824
1 2 -0.0971265808
1 3 -0.1398500204
2 0 0.2075584233
2 1 0.1067794934
2 2 0.0349621288
2 3 0.1287960261
3 0 0.1940246522
3 1 0.1035721079
3 2 0.055973459
3 3 0.1953826845
4 0 0.0875748768
4 1 -0.0327470154
4 2 0.321288377
4 3 0.3305869401
5 0 0.0869908035
5 1 0.0249891002
5 2 0.1987431943
5 3 0.2466415912
6 0 0.0041618394
6 1 -0.0206043348
6 2 0.2074463964
6 3 0.2368004918
7 0 0.0895073637
7 1 0.0282439124
7 2 0.2176200897
7 3 0.2556320131
8 0 0.1532087624
8 1 0.1171181202
8 2 0.1749792397
8 3 0.2022399008
9 0 0.1407851279
9 1 0.1611644328
9 2 0.0981751755
9 3 0.089204371
#238
0 0 0.276003778
0 1 -0.0829473659
0 2 -0.0121956933
1 0 0.2234601676
1 1 -0.2004268765
1 2 0.1368628889
2 0 0.391770035
2 1 0.1306075752
2 2 0.0779753029
3 0 0.2592206001
3 1 -0.0199832171
3 2 0.2233989835
4 0 0.1261364967
4 1 -0.2716208398
4 2 0.2030470073
5 0 -0.0972410887
5 1 0.015655607
5 2 0.088724792
6 0 0.3165728152
6 1 0.0395255014
6 2 0.0743010789
7 0 0.2041401714
7 1 0.0248384085
7 2 0.249907732
8 0 0.1730699837
8 1 0.0170058962
8 2 0.2321925908
9 0 0.1743686199
9 1 0.0166346729
9 2 0.2323363423
#112
0 0 -0.0063102683
0 1 0.0737142265
1 0 0.2067952007
1 1 0.2620635927
2 0 0.0325891376
2 1 0.0890006498
3 0 -0.0487943403
3 1 -0.0074443347
4 0 0.0257532261
4 1 0.10782177
5 0 -0.0277867094
5 1 -0.0334603488
6 0 0.0883545056
6 1 0.0862242728
7 0 0.1657288074
7 1 0.082268849
8 0 0.207006529
8 1 0.2641049325
9 0 0.1301123053
9 1 -0.0284666028
10 0 0.3218865693
10 1 0.1096139401
11 0 0.1679290533
11 1 0.0805688277
12 0 0.1370440573
12 1 0.194564864
13 0 0.1466576755
13 1 0.1723761708
14 0 0.2037990242
14 1 0.2603067756
15 0 0.1017686054
15 1 0.1487876326
16 0 0.203333348
16 1 0.2615354955
17 0 0.2053341419
17 1 0.2589037716
#151-1
0 0 0.0956342667
1 0 0.2429262102
2 0 0.1668103337
3 0 -0.0351249725
4 0 0.0675552636
5 0 0.0873181149
6 0 0.0940097794
7 0 0.2778926492
8 0 0.0890842602
#181
0 0 0.1178078204
0 1 0.1996893138
0 2 0.1401431113
0 3 -0.018248545
1 0 0.2412073761
1 1 0.2496589273
1 2 0.1411920041
1 3 0.097728923
2 0 0.2804804444
2 1 0.1988908499
2 2 0.1006568894
2 3 0.1395871043
3 0 0.1989468634
3 1 0.21722278
3 2 0.1416052729
3 3 0.0478857942
4 0 0.076260291
4 1 0.1915965974
4 2 0.0929250792
4 3 -0.0336535983
5 0 0.0565897338
5 1 0.1792942584
5 2 0.0348496772
5 3 0.0328643955
6 0 0.108457759
6 1 0.1148588061
6 2 0.0758246854
6 3 -0.0554429144
7 0 0.1208837405
7 1 0.1596799493
7 2 0.1632762253
7 3 -0.0045495089
8 0 0.1080153137
8 1 0.1147371531
8 2 0.0760065019
8 3 -0.0566394813
9 0 0.1019624621
9 1 0.2209203839
9 2 0.0991735384
9 3 0.0380573645
10 0 0.076260291
10 1 0.1915965974
10 2 0.0929250792
10 3 -0.0336535983
11 0 0.1929607093
11 1 0.2150470018
11 2 0.1928937435
11 3 0.0308511518
12 0 0.0427757092
12 1 0.0789580867
12 2 0.0307819061
12 3 -0.147271499
13 0 -0.0105096884
13 1 0.0704515725
13 2 0.309957087
13 3 0.0284015108
14 0 0.0139332106
14 1 0.0483229421
14 2 0.1889818311
14 3 0.0663882941
15 0 0.0833104178
15 1 0.0224041007
15 2 -0.0488939583
15 3 -0.1240580156
16 0 0.1266041845
16 1 0.1250320524
16 2 0.0108794589
16 3 -0.1574985087
17 0 0.1948349923
17 1 0.009340778
17 2 0.0937489569
17 3 -0.0776893198
18 0 -0.002389299
18 1 -0.0759511217
18 2 -0.0112004317
18 3 -0.0803076997
19 0 0.1956240982
19 1 0.1931640059
19 2 0.1940716803
19 3 0.0371655449
20 0 0.030135747
20 1 -0.0985355303
20 2 -0.0719054639
20 3 -0.0902752727
21 0 0.1276893616
21 1 0.0469360128
21 2 -0.0587371476
21 3 -0.1090928763
22 0 0.0432236567
22 1 0.038699504
22 2 -0.0878276527
22 3 -0.0730657727
23 0 0.2263801396
23 1 0.1346917748
23 2 0.1977553964
23 3 0.0735245124
24 0 0.0786565468
24 1 0.0390131846
24 2 -0.0197305493
24 3 -0.1058819816
#151-3
0 0 0.1600812823
1 0 0.178320393
2 0 0.1198609322
#251
0 0 0.4276154041
#118
0 0 0.1127425954
0 1 0.2103206664
0 2 0.2018253654
1 0 0.1666661203
1 1 0.2469093502
1 2 0.351241678
2 0 0.3349052966
2 1 0.1986103207
2 2 0.2082262337
3 0 0.3398978114
3 1 0.2037222832
3 2 0.2103103101
4 0 0.3395405412
4 1 0.2036159933
4 2 0.2086334974
5 0 0.0860887989
5 1 0.1869082302
5 2 0.2055181265
6 0 0.2308300585
6 1 0.0874148309
6 2 0.1272908598
7 0 0.017261574
7 1 0.0151565475
7 2 0.2753649354
8 0 0.3321292698
8 1 0.1981367469
8 2 0.210178569
#255
0 0 -0.0018929975
0 1 0.0151741998
0 2 -0.0763546899
0 3 0.0350145809
0 4 0.0167589001
1 0 0.1057584062
1 1 0.0240905788
1 2 -0.0154563794
1 3 -0.0062190904
1 4 0.0279008448
2 0 0.0177222304
2 1 -0.0467035919
2 2 0.1631098539
2 3 0.0197156686
2 4 0.0118077537
3 0 0.2303880602
3 1 -0.0452355742
3 2 0.034658704
3 3 0.0479875617
3 4 0.0704561844
4 0 0.0808290318
4 1 -0.0133138085
4 2 0.0117939403
4 3 -0.0940800607
4 4 -0.0077082203
#390-3
0 0 0.1950122565
1 0 -0.101267755
2 0 0.2438311577
3 0 -0.101267755
4 0 0.3089923859
5 0 0.2901590168
6 0 0.290096283
7 0 0.1864046305
8 0 0.2413980216
9 0 0.2628955841
10 0 -0.101267755
11 0 0.0509700291
12 0 -0.101267755
13 0 0.2049721032
#191_1
0 0 0.2010181695
0 1 0.2848462462
0 2 0.0201769918
0 3 0.2146799862
1 0 0.2894001901
1 1 0.3457987905
1 2 0.0900747031
1 3 0.3067809939
2 0 0.3117606342
2 1 0.5482603312
2 2 0.2588409781
2 3 0.425798893
3 0 0.1510902047
3 1 0.11657276
3 2 0.1760886908
3 3 0.1876241863
4 0 0.1475721449
4 1 0.1136977673
4 2 0.1744067967
4 3 0.1840676814
5 0 0.1664296985
5 1 0.1831028759
5 2 -0.0672548786
5 3 0.18594037
#268
0 0 0.2851319015
0 1 0.1959831715
1 0 0.3096665442
1 1 0.2129812986
2 0 0.2984259129
2 1 0.2072267234
3 0 0.0182953756
3 1 -0.0157215986
4 0 0.2140183151
4 1 0.1167065203
5 0 0.072261259
5 1 -0.0133186728
6 0 0.291611582
6 1 0.071029529
7 0 0.1299512088
7 1 -0.0546958596
8 0 0.1779096425
8 1 -0.0327950455
9 0 0.2044847906
9 1 0.1011096537
10 0 0.3793210983
10 1 0.2576633394
11 0 0.2194159925
11 1 0.0930544063
12 0 0.2304827571
12 1 0.1082239524
13 0 0.2089404017
13 1 0.0021021848
14 0 0.2048114091
14 1 0.1018265486
15 0 0.3804661036
15 1 0.265848577
16 0 0.2194159925
16 1 0.0930544063
17 0 0.2306671739
17 1 0.1085354015
18 0 0.2160654515
18 1 0.117760174
19 0 0.2193429917
19 1 0.1200107634
#324
0 0 0.2034866363
0 1 -0.1456713676
0 2 0.1840814799
0 3 -0.0304222871
0 4 -0.0915660113
1 0 0.1949097812
1 1 -0.1851156205
1 2 0.1578721106
1 3 -0.0145509224
1 4 -0.139095813
2 0 0.1521140635
2 1 -0.1256356537
2 2 0.1868907213
2 3 -0.0521772504
2 4 -0.2007776946
3 0 0.2663451135
3 1 -0.1491695344
3 2 0.1952433586
3 3 0.1029552668
3 4 -0.065841049
4 0 0.0445683971
4 1 -0.01271185
4 2 0.1284889579
4 3 0.249132663
4 4 0.1916945577
5 0 0.2032973617
5 1 -0.1280088723
5 2 0.1285160035
5 3 0.0653032064
5 4 -0.1216428056
6 0 0.1357675195
6 1 0.0107574537
6 2 0.1691845357
6 3 0.1860705465
6 4 -0.0594528168
7 0 0.0811839178
7 1 -0.035691753
7 2 0.0510236956
7 3 0.0325355381
7 4 -0.0461418182
8 0 0.0459508337
8 1 0.0163265392
8 2 0.0488445088
8 3 0.1535992771
8 4 0.0204613991
9 0 0.2238105834
9 1 -0.1802283078
9 2 0.0622422136
9 3 0.0645549297
9 4 -0.0035156987
10 0 0.0835420415
10 1 0.0696146637
10 2 0.1032618955
10 3 0.2327444106
10 4 -0.0165142957
11 0 0.2344175577
11 1 0.0769466981
11 2 0.1998990178
11 3 0.2148814648
11 4 0.3029277921
12 0 0.0848051757
12 1 0.0687399134
12 2 0.1014431939
12 3 0.235387072
12 4 -0.0149492528
13 0 0.1652897745
13 1 0.0731037781
13 2 0.2188375145
13 3 0.3847576678
13 4 0.0541901998
14 0 0.0889655873
14 1 0.0681426078
14 2 0.101963602
14 3 0.2343127429
14 4 -0.0149680041
15 0 0.3738078773
15 1 -0.0319837816
15 2 0.1706669182
15 3 0.2251058072
15 4 0.2689060271
16 0 0.4268828928
16 1 -0.2274094224
16 2 0.0755683184
16 3 0.0872802064
16 4 0.0745982826
17 0 0.0856183618
17 1 0.0693390071
17 2 0.1026012897
17 3 0.2331743836
17 4 -0.0164484344
18 0 0.4147074819
18 1 -0.1496985853
18 2 0.1381853968
18 3 0.1708609909
18 4 0.1425924152
19 0 0.3988915384
19 1 -0.1495369077
19 2 0.0904128924
19 3 0.1990530789
19 4 0.1294551194
20 0 0.2561096251
20 1 0.0974358395
20 2 0.2046434432
20 3 0.2521250546
20 4 0.3024008572
21 0 0.0937378183
21 1 0.0725349262
21 2 0.1039142758
21 3 0.2317483425
21 4 -0.0128389085
22 0 0.1102393791
22 1 0.1108334586
22 2 0.115589343
22 3 0.2729049027
22 4 0.0043606628
23 0 0.1087530106
23 1 0.1098064557
23 2 0.1154867634
23 3 0.272146672
23 4 0.0032005624
24 0 0.1118341237
24 1 0.1113251448
24 2 0.1165307239
24 3 0.2730084658
24 4 0.0036127067
#59-1
0 0 -0.0090731867
0 1 0.0319705978
0 2 0.018211307
0 3 0.0287003908
1 0 0.2404221296
1 1 0.1046336144
1 2 0.1084272042
1 3 0.1619482338
2 0 0.0250055511
2 1 0.1385844201
2 2 0.2148667872
2 3 0.0151394047
3 0 0.0545585304
3 1 0.0205470566
3 2 0.0437701046
3 3 0.0221075732
4 0 0.2944845259
4 1 0.2575606406
4 2 0.285808295
4 3 0.280731231
5 0 0.2480850965
5 1 0.1078335866
5 2 0.1155760288
5 3 0.1663119048
6 0 0.2406499535
6 1 0.1045741066
6 2 0.1088133454
6 3 0.1619645953
7 0 0.2411542386
7 1 0.1050395966
7 2 0.1218475178
7 3 0.1316301078
#160
0 0 -0.1101633012
0 1 0.041467756
0 2 0.0542447045
0 3 -0.0472387671
1 0 -0.0012492664
1 1 0.0342851616
1 2 0.0297612939
1 3 0.0106647909
2 0 -0.0104215946
2 1 0.0726583451
2 2 0.0590048358
2 3 -0.0189675931
3 0 0.3344876468
3 1 0.0825469792
3 2 0.0788058862
3 3 0.2410215437
4 0 0.2851179242
4 1 0.244550705
4 2 0.2240336239
4 3 0.2048011869
5 0 0.4316394329
5 1 0.2281516045
5 2 0.1185698733
5 3 0.2150487006
6 0 0.1885699332
6 1 0.1743679792
6 2 0.2681990266
6 3 0.1324703395
7 0 -0.0661879107
7 1 0.1024631485
7 2 0.1566181779
7 3 0.0431338847
8 0 0.1139835492
8 1 0.2273283154
8 2 0.2937928438
8 3 0.0649404675
9 0 0.3209412694
9 1 0.2073870301
9 2 0.0894931257
9 3 0.1395035386
10 0 0.1112350523
10 1 0.1962099224
10 2 0.238607645
10 3 0.0880047604
11 0 0.2149846107
11 1 0.1767364442
11 2 0.2745653093
11 3 0.1386241019
12 0 0.2311818451
12 1 0.1778488606
12 2 0.2694897354
12 3 0.1462275088
13 0 0.356276989
13 1 0.0313650444
13 2 0.0567280427
13 3 0.3376299441
14 0 0.2250267267
14 1 0.1768562496
14 2 0.2731785476
14 3 0.141009137
15 0 0.1947572976
15 1 0.1763317734
15 2 0.2706101835
15 3 0.1358888745
#175
0 0 0.2870477736
0 1 0.240348354
1 0 0.2242662311
1 1 0.2578853071
2 0 0.2215647697
2 1 0.2576089799
#59-2
0 0 -0.0090731867
0 1 0.0319705978
0 2 0.1057641432
0 3 -0.0574743375
1 0 0.2404221296
1 1 0.1046336144
1 2 0.2136291862
1 3 0.1883307695
2 0 0.0250055511
2 1 0.1385844201
2 2 0.3052353561
2 3 0.0567141883
3 0 -0.0170775894
3 1 0.0612167716
3 2 0.1268190444
3 3 0.0207986161
4 0 0.0545585304
4 1 0.0205470566
4 2 0.07695961
4 3 0.0220541656
5 0 0.2947151363
5 1 0.2700386047
5 2 0.2746239901
5 3 0.1419147998
6 0 0.2478336692
6 1 0.1076948866
6 2 0.2236213386
6 3 0.191188857
7 0 0.2406499535
7 1 0.1045741066
7 2 0.2137488872
7 3 0.188464269
8 0 0.2411542386
8 1 0.1050395966
8 2 0.2142582536
8 3 0.1766976118
#320
0 0 0.1859734505
0 1 0.2578387856
0 2 0.1339603513
1 0 0.0871097147
1 1 0.1202925518
1 2 0.1503870487
2 0 0.2355662435
2 1 0.2870276868
2 2 0.2152217478
3 0 0.2183139324
3 1 0.2914849818
3 2 0.2125350684
4 0 0.181974709
4 1 0.267572552
4 2 0.2036470026
5 0 0.1315069497
5 1 0.2762928009
5 2 0.2779925764
6 0 0.0846929103
6 1 0.1192542985
6 2 0.1501951218
7 0 0.2421181202
7 1 0.3706502914
7 2 0.2557086945
8 0 0.3045078814
8 1 0.35203439
8 2 0.2210704982
9 0 0.2309678942
9 1 0.1967284232
9 2 0.2272708714
10 0 0.2318590581
10 1 0.3746933937
10 2 0.2752215862
11 0 0.2119238973
11 1 0.3469591141
11 2 0.2410333008
12 0 0.1204725802
12 1 0.1044867486
12 2 -0.08931043
13 0 0.2821317911
13 1 0.3822693229
13 2 0.3803359866
14 0 0.1204725802
14 1 0.1044867486
14 2 -0.08931043
15 0 0.1244249791
15 1 0.1607359946
15 2 0.1725610495
16 0 0.1255975366
16 1 0.1592296064
16 2 0.1699193418
17 0 0.126127407
17 1 0.1624212712
17 2 0.173124209
18 0 0.2285767794
18 1 0.1814825386
18 2 0.2306091338
19 0 0.0847385377
19 1 0.1145939752
19 2 0.1466786712
#40
0 0 0.1400129944
0 1 0.2001737952
0 2 0.154782474
0 3 0.0748845786
0 4 0.0597806647
0 5 0.1257949322
0 6 -0.0828109607
0 7 0.0455992222
0 8 -0.0833501443
1 0 0.2290059775
1 1 0.3507362008
1 2 0.152388379
1 3 0.1634601355
1 4 0.0716017336
1 5 0.1841198206
1 6 0.0153460586
1 7 0.104078345
1 8 -0.0516543165
2 0 0.1952546686
2 1 0.3894141018
2 2 0.1614662856
2 3 0.3223003745
2 4 0.0599651486
2 5 0.1742694229
2 6 0.0254162252
2 7 0.1527282
2 8 -0.0210227482
3 0 0.2179371119
3 1 0.4662106335
3 2 0.0295944698
3 3 0.2461819798
3 4 0.1184152141
3 5 0.0636471286
3 6 0.1259095967
3 7 0.0599278025
3 8 -0.0935167894
4 0 0.1893958896
4 1 0.2419770062
4 2 0.0031995692
4 3 0.0920401365
4 4 -0.0415364057
4 5 0.0458816215
4 6 -0.0170545522
4 7 0.0767803192
4 8 0.0608616322
5 0 0.3836904466
5 1 0.4029462934
5 2 0.2932820618
5 3 0.4387386441
5 4 -0.009408379
5 5 0.2677314878
5 6 0.1306644231
5 7 0.2961157262
5 8 0.2110175788
6 0 0.1885313541
6 1 0.2524167001
6 2 -0.0041015539
6 3 0.0789966583
6 4 -0.033395011
6 5 0.0179646295
6 6 -0.0012544448
6 7 0.0533838049
6 8 0.063257724
7 0 0.2006598711
7 1 0.2643884718
7 2 0.0246038102
7 3 0.146484375
7 4 0.151733458
7 5 0.0782275572
7 6 0.1762539446
7 7 0.1753605604
7 8 -0.0534545407
8 0 0.3175322115
8 1 0.4431634247
8 2 0.1779440194
8 3 0.3467452228
8 4 0.0541931428
8 5 0.2371144742
8 6 0.110634625
8 7 0.243506074
8 8 0.1100774854
9 0 0.3309832513
9 1 0.4195975959
9 2 0.1161002144
9 3 0.3435453176
9 4 0.0438978337
9 5 0.2038639784
9 6 0.1136176959
9 7 0.2197145075
9 8 0.0874106437
10 0 0.2707019448
10 1 0.3021582663
10 2 0.0774333254
10 3 0.2613598108
10 4 0.1733987182
10 5 0.2446468771
10 6 0.1884376556
10 7 0.2647320032
10 8 0.1139844581
11 0 0.1961164773
11 1 0.2554071844
11 2 0.0197406206
11 3 0.135706827
11 4 0.1548950821
11 5 0.0774197131
11 6 0.1819436699
11 7 0.1718148589
11 8 -0.0557344221
12 0 0.2275868356
12 1 0.2910864949
12 2 0.0523837171
12 3 0.1745313257
12 4 0.1519200951
12 5 0.0838119686
12 6 0.1527174115
12 7 0.1998189986
12 8 -0.0108555816
#161
0 0 -0.0188945513
0 1 -0.0044911997
0 2 -0.1132375002
0 3 0.041515436
0 4 -0.0386854857
0 5 -0.1282048821
1 0 0.1355856061
1 1 0.0737331137
1 2 -0.0598727353
1 3 0.2469394654
1 4 0.0498418994
1 5 -0.1140475348
2 0 0.0596167073
2 1 0.0216896851
2 2 -0.087761417
2 3 0.310185194
2 4 0.1605290771
2 5 -0.1195542812
3 0 0.2156606317
3 1 0.1126998439
3 2 -0.0124019859
3 3 0.271364212
3 4 0.1264971793
3 5 -0.0302633848
4 0 0.1184375808
4 1 0.3752134442
4 2 0.0122778676
4 3 0.0848423913
4 4 0.0754557773
4 5 0.0874497592
5 0 0.2234658003
5 1 0.03525519
5 2 -0.0730990395
5 3 0.21945104
5 4 0.0130014289
5 5 -0.1634666622
6 0 0.0362183675
6 1 0.0393706188
6 2 0.0622283071
6 3 0.3389585018
6 4 0.2578749955
6 5 -0.1835588366
7 0 0.0965907723
7 1 0.1039084718
7 2 0.0717675686
7 3 0.2786407471
7 4 0.1743217707
7 5 0.268388927
8 0 0.090656735
8 1 0.1811931133
8 2 0.0941431522
8 3 0.1578922272
8 4 0.0928546041
8 5 0.4506641328
9 0 0.1349123418
9 1 0.1204120517
9 2 0.0439217314
9 3 0.2835267484
9 4 0.0894913152
9 5 -0.0858049989
#56-4
0 0 0.2218282968
0 1 -0.0314384028
1 0 0.2611187398
1 1 0.1249384582
2 0 0.2517510653
2 1 0.1206969246
#321
0 0 0.335065186
0 1 -0.0080292951
0 2 0.0882287398
1 0 0.142754361
1 1 0.1768532991
1 2 0.1380997747
2 0 0.3654712737
2 1 0.0999965519
2 2 0.1794884801
3 0 0.3652284741
3 1 -0.041142758
3 2 0.0145506086
4 0 0.3048173487
4 1 0.023589218
4 2 0.003709517
5 0 0.3990141153
5 1 0.05143556
5 2 0.1086499617
6 0 0.4205774069
6 1 -0.0179465748
6 2 0.1340452135
7 0 0.2368893772
7 1 0.3543602228
7 2 -0.0016664164
8 0 0.0904671401
8 1 -0.1011584029
8 2 -0.1092093512
9 0 0.1391913593
9 1 0.1772695929
9 2 0.1367185414
10 0 0.406409055
10 1 0.0466621742
10 2 0.0677678213
11 0 0.1350352764
11 1 0.1757276505
11 2 0.1366445273
#56-3
0 0 0.2822924256
0 1 0.0413001291
0 2 -0.1497418731
1 0 0.2228382081
1 1 0.0628323928
1 2 -0.0623796061
2 0 0.1197011545
2 1 0.1106500328
2 2 -0.1217966825
3 0 -0.0275751278
3 1 0.0214506295
3 2 0.1102447957
4 0 0.1492756903
4 1 0.2022592425
4 2 0.0524336025
5 0 -0.1038767174
5 1 -0.0955153406
5 2 0.2003209293
#368
0 0 0.1524640322
0 1 -0.0728249922
0 2 0.3322965503
0 3 0.3398320079
0 4 0.2427006215
0 5 0.0631806999
0 6 0.0752775148
0 7 -0.0151658058
1 0 0.2041549087
1 1 -0.0274880528
1 2 0.2757716477
1 3 0.30425632
1 4 0.3601675034
1 5 0.1979875565
1 6 0.1357638389
1 7 0.0875639766
2 0 0.1952546686
2 1 0.0890316516
2 2 0.1849586815
2 3 0.228996858
2 4 0.3778098822
2 5 0.2698978186
2 6 0.1189096943
2 7 -0.0048108264
3 0 0.2176193297
3 1 0.311152041
3 2 0.162623778
3 3 0.2035228908
3 4 0.4813566506
3 5 0.3366407752
3 6 0.1008451432
3 7 -0.1324155629
4 0 0.3095601797
4 1 0.1455626041
4 2 0.2016342282
4 3 0.2439767867
4 4 0.3437780142
4 5 0.6631962061
4 6 0.0871648416
4 7 0.1269364804
5 0 0.3152782619
5 1 0.1094164997
5 2 0.1727364212
5 3 0.224718526
5 4 0.3095826209
5 5 0.3037156761
5 6 0.1386828125
5 7 0.1617476642
6 0 0.2279303372
6 1 0.0650976896
6 2 0.2245855629
6 3 0.2502265871
6 4 0.3850096464
6 5 0.2090644538
6 6 0.1041433364
6 7 -0.025370609
7 0 0.2910940349
7 1 0.135840416
7 2 0.0970133096
7 3 0.1525354236
7 4 0.3817377985
7 5 0.1875895411
7 6 0.1056356803
7 7 0.042219013
8 0 0.2470418364
8 1 0.0466124155
8 2 0.037368957
8 3 0.0553379655
8 4 0.2882550359
8 5 0.2581405938
8 6 0.1650425792
8 7 0.2585824132
9 0 0.3387960196
9 1 0.1189396605
9 2 0.1515756845
9 3 0.233390525
9 4 0.2728070021
9 5 0.2218175679
9 6 0.1373718679
9 7 0.2433176339
10 0 0.1719477028
10 1 -0.1246936768
10 2 0.3055954278
10 3 0.2460237294
10 4 0.2146962583
10 5 0.2513886988
10 6 0.1708063483
10 7 0.3408693075
#263
0 0 -0.0050718235
0 1 0.0086420979
0 2 0.0563030727
0 3 0.0402744599
1 0 -0.0123578925
1 1 0.0564378425
1 2 0.0939940065
1 3 0.1797340065
2 0 0.0330691859
2 1 0.2475918382
2 2 0.2248501629
2 3 0.3363197744
3 0 -0.0031978039
3 1 0.1872066408
3 2 0.1810742766
3 3 0.1937651187
4 0 0.0114754541
4 1 0.260717541
4 2 0.2290875763
4 3 0.2723501325
5 0 -0.0228938125
5 1 0.1367234737
5 2 0.1679518521
5 3 0.1971274614
6 0 0.1378103644
6 1 0.2357680053
6 2 0.1871436536
6 3 0.1640223414
7 0 0.1438222677
7 1 0.2444146872
7 2 0.1966351867
7 3 0.1655551344
8 0 0.1454715878
8 1 0.2459469736
8 2 0.1978657842
8 3 0.1679534316
9 0 0.1473785788
9 1 0.2362962365
9 2 0.1880242079
9 3 0.1607927084
10 0 0.1277818829
10 1 0.2055130154
10 2 0.1621514261
10 3 0.1125696674
11 0 0.1452693343
11 1 0.2196158469
11 2 0.1787263006
11 3 0.1586598009
#312
0 0 0.1861717105
0 1 0.2680365145
0 2 0.0327754505
0 3 0.2447725087
0 4 0.2163971663
0 5 -0.0345786102
0 6 0.261587292
0 7 0.1506487578
1 0 0.2366949618
1 1 0.309702605
1 2 0.0923520625
1 3 0.2403888255
1 4 0.2024760246
1 5 0.0405121893
1 6 0.3061875999
1 7 0.0755445585
2 0 0.3741064072
2 1 0.2515045106
2 2 0.0964150354
2 3 0.3572285175
2 4 0.3132923245
2 5 0.0822090879
2 6 0.3147534728
2 7 0.0509421043
3 0 0.1456477791
3 1 0.1947345436
3 2 0.0069412864
3 3 0.1236163154
3 4 0.1277867109
3 5 -0.1243559942
3 6 0.2111058831
3 7 0.1231546849
4 0 0.0928199515
4 1 0.2115423232
4 2 0.102567628
4 3 0.1543424577
4 4 0.1538409889
4 5 0.0867369249
4 6 0.1475729942
4 7 -0.0355010889
5 0 0.3125817478
5 1 0.2283191532
5 2 0.0770879984
5 3 0.3013854921
5 4 0.2592894733
5 5 0.0225657523
5 6 0.3277028203
5 7 0.0955239087
6 0 0.1361766309
6 1 0.2415961176
6 2 0.0546191894
6 3 0.1707118601
6 4 0.1232381687
6 5 -0.0978980735
6 6 0.2788715959
6 7 0.1819095463
7 0 0.0663134083
7 1 0.30494681
7 2 0.0493264869
7 3 -0.0060806102
7 4 0.0028060209
7 5 -0.0965537056
7 6 0.1668807417
7 7 -0.0202495568
8 0 0.2505120933
8 1 0.3540783226
8 2 0.0444292873
8 3 0.2656662762
8 4 0.2444606423
8 5 0.1376441866
8 6 0.3195043206
8 7 0.0118397521
9 0 0.17467089
9 1 0.186530441
9 2 0.0122151105
9 3 0.1454722732
9 4 0.1538436264
9 5 -0.0948128924
9 6 0.2519399226
9 7 0.0296790749
10 0 0.1438784152
10 1 0.1356751323
10 2 0.0882234275
10 3 0.2429107875
10 4 0.1566838771
10 5 -0.1061458886
10 6 0.2355599254
10 7 0.2964488566
11 0 0.1820386499
11 1 0.2288254946
11 2 0.1156009361
11 3 0.2851200104
11 4 0.1872407943
11 5 -0.0584926084
11 6 0.2971754074
11 7 0.277197659
12 0 0.1515224278
12 1 0.1126661524
12 2 0.0936449692
12 3 0.2675129175
12 4 0.1763059348
12 5 -0.0893825293
12 6 0.2559101582
12 7 0.2807841301
13 0 0.1572259367
13 1 0.1107405871
13 2 0.0854918882
13 3 0.2543157041
13 4 0.161181286
13 5 -0.0890997201
13 6 0.2410046458
13 7 0.3091715872
14 0 0.1620551646
14 1 0.1448469013
14 2 0.106730558
14 3 0.2730097175
14 4 0.1785873771
14 5 -0.084310703
14 6 0.2714278698
14 7 0.2884859741
15 0 0.1987833083
15 1 0.1792119145
15 2 0.1440406144
15 3 0.235614121
15 4 0.1730529219
15 5 0.1474198252
15 6 0.1707543284
15 7 0.035317082
#280
0 0 0.0899506658
0 1 -0.038952142
0 2 0.0982690528
0 3 0.1559808999
0 4 0.3307825327
0 5 0.006334506
0 6 -0.0433699749
0 7 -0.2130752206
0 8 0.3403514028
0 9 0.1046728119
0 10 0.1803545207
0 11 0.0262063071
0 12 0.1512220204
0 13 0.0549903288
1 0 0.0228099599
1 1 0.057346493
1 2 0.2118013501
1 3 0.2661420703
1 4 0.2413707376
1 5 0.0323087685
1 6 -0.0724071264
1 7 0.0799143761
1 8 0.0768042058
1 9 0.1318764389
1 10 0.0433415286
1 11 0.1356427222
1 12 0.0806790963
1 13 0.1534923613
2 0 0.2069355845
2 1 0.0190096702
2 2 0.0460338853
2 3 0.2340208292
2 4 0.2424353659
2 5 0.011736447
2 6 -0.1938474029
2 7 -0.0917656571
2 8 0.1037581936
2 9 0.2100996077
2 10 0.2652947903
2 11 0.086529769
2 12 0.0481660366
2 13 0.2427878827
3 0 0.139271751
3 1 0.0101804193
3 2 0.1974222213
3 3 0.2404665351
3 4 0.3540620506
3 5 -0.0174358543
3 6 -0.0990194157
3 7 -0.1849827319
3 8 0.2784470022
3 9 0.175728187
3 10 0.1630565375
3 11 0.1199192628
3 12 0.1564281732
3 13 0.0915785953
4 0 0.1104641855
4 1 -0.0209884401
4 2 0.0774618536
4 3 0.2045159936
4 4 0.2270777822
4 5 -0.0755017549
4 6 -0.1505152136
4 7 -0.2354329377
4 8 0.1899783015
4 9 0.1080830395
4 10 0.1379856914
4 11 -0.0019331366
4 12 0.009209862
4 13 0.0776720047
5 0 0.156251967
5 1 0.0565907583
5 2 0.1386887729
5 3 0.2559718192
5 4 0.3415441513
5 5 -0.0341454446
5 6 -0.0828703493
5 7 -0.1831878424
5 8 0.2967076898
5 9 0.1650145799
5 10 0.2050107867
5 11 0.0933055431
5 12 0.127251491
5 13 0.1268885583
6 0 0.002800121
6 1 -0.0427397415
6 2 0.1972691864
6 3 0.0920694172
6 4 0.2208869755
6 5 0.0010155534
6 6 -0.1629809439
6 7 0.1462249905
6 8 0.2108094543
6 9 0.0442754105
6 10 0.0677643418
6 11 0.0898419917
6 12 0.0990546569
6 13 -0.0626513064
7 0 -0.0758453161
7 1 -0.1637892574
7 2 0.0435492098
7 3 0.0509635881
7 4 0.2595334351
7 5 -0.0936695412
7 6 -0.0758789182
7 7 -0.3000950217
7 8 0.3074094057
7 9 -0.0436296985
7 10 0.0098330081
7 11 -0.0759106949
7 12 0.1227175742
7 13 -0.1321575791
8 0 0.1896924525
8 1 0.0632523373
8 2 0.1932174563
8 3 0.3203273714
8 4 0.3291120529
8 5 0.0351589695
8 6 -0.0558569729
8 7 -0.0862210095
8 8 0.1511773765
8 9 0.2491745651
8 10 0.2514204383
8 11 0.0912641063
8 12 0.1890392154
8 13 0.275011301
9 0 -0.0758453161
9 1 -0.1637892574
9 2 0.0435492098
9 3 0.0509635881
9 4 0.2595334351
9 5 -0.0936695412
9 6 -0.0758789182
9 7 -0.3000950217
9 8 0.3074094057
9 9 -0.0436296985
9 10 0.0098330081
9 11 -0.0759106949
9 12 0.1227175742
9 13 -0.1321575791
10 0 0.1699173748
10 1 0.1522209346
10 2 0.200083077
10 3 0.1344006807
10 4 0.0556635745
10 5 0.1234727427
10 6 0.1031055078
10 7 0.1128148884
10 8 -0.0670932978
10 9 0.1619493067
10 10 0.1758148521
10 11 0.0174756162
10 12 0.1139640361
10 13 0.1178291887
11 0 0.1341409534
11 1 0.2240275145
11 2 0.1979759932
11 3 0.2470053434
11 4 0.1547100693
11 5 0.1057410464
11 6 0.1613523513
11 7 0.0211005192
11 8 0.1558587551
11 9 0.1498923153
11 10 0.1482175291
11 11 0.1584049761
11 12 0.0256370418
11 13 0.2867425382
12 0 0.2356245965
12 1 0.3301659226
12 2 0.3435903788
12 3 0.2800235152
12 4 0.2078874558
12 5 0.1837671399
12 6 0.1490222663
12 7 0.1202875823
12 8 0.0961347818
12 9 0.2856149375
12 10 0.2579037845
12 11 0.2244613618
12 12 0.1741648614
12 13 0.3298414648
13 0 0.039448224
13 1 -0.0217837207
13 2 0.1184771508
13 3 0.1902062297
13 4 0.3724727035
13 5 -0.0547287427
13 6 -0.0746116266
13 7 -0.2777755857
13 8 0.3233386576
13 9 0.080798313
13 10 0.1051900387
13 11 -0.0055866581
13 12 0.1490536332
13 13 0.0131607736
14 0 0.1312170327
14 1 0.1252965331
14 2 0.2013992667
14 3 0.1067550108
14 4 0.0142134139
14 5 0.112555176
14 6 0.1040780842
14 7 0.0909639671
14 8 -0.0907850191
14 9 0.1470785886
14 10 0.1402652562
14 11 -0.0009842346
14 12 0.1000999287
14 13 0.0994014665
15 0 0.2036419064
15 1 0.3934559524
15 2 0.3548411429
15 3 0.3542612195
15 4 0.5156983733
15 5 0.0970273316
15 6 0.1386488974
15 7 -0.0352350585
15 8 0.2287872583
15 9 0.2363244295
15 10 0.1542794704
15 11 0.2225649357
15 12 0.3190814555
15 13 0.3121339381
16 0 0.1043667123
16 1 0.02339454
16 2 0.1675140113
16 3 0.3214987814
16 4 0.215543896
16 5 -0.0295326449
16 6 -0.0251769051
16 7 -0.1475722194
16 8 0.0833627656
16 9 0.1920747459
16 10 0.0582783967
16 11 0.0548736677
16 12 0.0323445462
16 13 0.2200342268
17 0 0.2848484516
17 1 0.1375294626
17 2 0.0867284909
17 3 0.2761271596
17 4 0.2572160959
17 5 0.0656592995
17 6 -0.0297877528
17 7 0.0272953492
17 8 0.1311923414
17 9 0.2102442682
17 10 0.2511911988
17 11 0.1810076535
17 12 0.1095632091
17 13 0.227667138
18 0 0.2740956545
18 1 0.2678699195
18 2 0.2426212877
18 3 0.2675260603
18 4 0.1697401702
18 5 0.1485453248
18 6 0.0195725393
18 7 0.1331316829
18 8 0.0354128964
18 9 0.2788598239
18 10 0.2392570823
18 11 0.233382076
18 12 0.059148632
18 13 0.3392925262
19 0 0.2571534514
19 1 0.2757391036
19 2 0.2440344095
19 3 0.2805591524
19 4 0.1828487366
19 5 0.1342637688
19 6 0.0159606338
19 7 0.1327092201
19 8 0.0342163779
19 9 0.2687044442
19 10 0.2224054039
19 11 0.2258781195
19 12 0.0390657485
19 13 0.3446912169
20 0 0.039448224
20 1 -0.0217837207
20 2 0.1184771508
20 3 0.1902062297
20 4 0.3724727035
20 5 -0.0547287427
20 6 -0.0746116266
20 7 -0.2777755857
20 8 0.3233386576
20 9 0.080798313
20 10 0.1051900387
20 11 -0.0055866581
20 12 0.1490536332
20 13 0.0131607736
21 0 0.1296774447
21 1 0.1218337789
21 2 0.1942069679
21 3 0.1081137583
21 4 0.0138116525
21 5 0.1083195433
21 6 0.1006921381
21 7 0.0945463032
21 8 -0.0928920656
21 9 0.1442366689
21 10 0.1391121894
21 11 -0.0028903831
21 12 0.0941568837
21 13 0.0996148065
22 0 0.039448224
22 1 -0.0217837207
22 2 0.1184771508
22 3 0.1902062297
22 4 0.3724727035
22 5 -0.0547287427
22 6 -0.0746116266
22 7 -0.2777755857
22 8 0.3233386576
22 9 0.080798313
22 10 0.1051900387
22 11 -0.0055866581
22 12 0.1490536332
22 13 0.0131607736
23 0 0.1253328621
23 1 0.1190013215
23 2 0.1949157268
23 3 0.1017163545
23 4 0.0078528887
23 5 0.1072930843
23 6 0.1004014611
23 7 0.0930298939
23 8 -0.0941103399
23 9 0.1386500001
23 10 0.131491214
23 11 -0.0056276661
23 12 0.0922058746
23 13 0.0930358693
24 0 0.2595332563
24 1 0.2512841523
24 2 0.3274803162
24 3 0.3672373593
24 4 0.2656647265
24 5 0.1580387652
24 6 0.0521926768
24 7 0.0398736037
24 8 0.0780075788
24 9 0.365613997
24 10 0.1656531841
24 11 0.2268151939
24 12 0.1044385806
24 13 0.3536275625
25 0 0.0767406896
25 1 0.1953596175
25 2 0.1560450941
25 3 0.1967349201
25 4 0.0929347426
25 5 0.09986303
25 6 0.1932959855
25 7 -0.0225464832
25 8 0.1247028261
25 9 0.0678957328
25 10 0.0883569643
25 11 0.086371243
25 12 0.0011712387
25 13 0.2196494341
#348
0 0 0.1493664235
0 1 0.0932543576
0 2 0.2275548279
0 3 0.1490868181
0 4 0.2327315658
0 5 0.1354040504
0 6 0.2800122499
0 7 0.1765577495
1 0 0.2103773355
1 1 0.4410324395
1 2 0.1415337026
1 3 0.0351485386
1 4 0.1780064553
1 5 0.3154802024
1 6 0.1858547479
1 7 0.4253862798
2 0 0.3426660597
2 1 0.4542014599
2 2 0.1533943117
2 3 0.1076234281
2 4 0.1791523546
2 5 0.3564038575
2 6 0.1334296763
2 7 0.3251312971
3 0 0.3442643583
3 1 0.4491433799
3 2 0.1579274982
3 3 0.1024266258
3 4 0.187581569
3 5 0.3595915139
3 6 0.14550367
3 7 0.3264207542
4 0 0.229496181
4 1 0.4465771019
4 2 0.1574992687
4 3 0.070295535
4 4 0.1744378805
4 5 0.2989819348
4 6 0.1803495139
4 7 0.4489123821
5 0 0.0734945238
5 1 0.1352099478
5 2 0.1542912871
5 3 0.0787113979
5 4 -0.0040366566
5 5 0.2641493678
5 6 0.1810874939
5 7 0.0716530159
6 0 0.0445876047
6 1 0.0352646522
6 2 0.1448650211
6 3 0.0723922774
6 4 -0.0645110607
6 5 0.0236680135
6 6 0.212065056
6 7 0.0444563515
7 0 0.0820450112
7 1 0.0746621341
7 2 0.1501261443
7 3 0.0743389055
7 4 -0.0641514882
7 5 0.0129666198
7 6 0.2472848594
7 7 0.1096160337
8 0 0.0738168284
8 1 0.0609696284
8 2 0.1278448552
8 3 0.0773945898
8 4 -0.0775933415
8 5 0.0019897206
8 6 0.2286157161
8 7 0.0765251964
9 0 0.0657813847
9 1 0.1819589585
9 2 0.059768077
9 3 0.1862681061
9 4 0.1556336135
9 5 0.1436383873
9 6 0.1020345092
9 7 0.0985557064
10 0 0.0675491318
10 1 0.1830368936
10 2 0.0583909787
10 3 0.1866507083
10 4 0.1586724818
10 5 0.1498146951
10 6 0.1026966274
10 7 0.0977796018
11 0 0.0860112906
11 1 0.1848880798
11 2 0.0613842346
11 3 0.1895922571
11 4 0.1740309447
11 5 0.1571048051
11 6 0.1213187426
11 7 0.1060004383
12 0 0.0581329763
12 1 0.1616119295
12 2 0.0600170121
12 3 0.1628789753
12 4 0.163266018
12 5 0.1494540423
12 6 0.1307066828
12 7 0.0874938965
13 0 0.058081612
13 1 0.1646284908
13 2 0.0526789911
13 3 0.1579711586
13 4 0.1654286981
13 5 0.1248881072
13 6 0.1181656346
13 7 0.1023262441
14 0 0.2223045379
14 1 0.4442141652
14 2 0.2273015827
14 3 0.1882916689
14 4 0.160903886
14 5 0.2560398579
14 6 0.1271772832
14 7 0.3689278364
15 0 0.0606205948
15 1 0.1531464607
15 2 0.052921813
15 3 0.1784745604
15 4 0.158316642
15 5 0.144752562
15 6 0.1654998064
15 7 0.0671155825
#286
0 0 0.022851415
0 1 0.1158338115
0 2 -0.0469039381
0 3 -0.0589322895
0 4 0.0375262089
1 0 0.071706064
1 1 0.1585110724
1 2 0.003801313
1 3 -0.0189094748
1 4 0.0649526715
2 0 -0.044805035
2 1 -0.0132026589
2 2 0.4313065112
2 3 0.3508439958
2 4 0.0589930341
3 0 0.4056487083
3 1 0.3850698173
3 2 0.2968550622
3 3 0.3598227799
3 4 0.3809393644
4 0 0.3892282844
4 1 0.3685890138
4 2 0.3007896841
4 3 0.3596232831
4 4 0.3745821714
5 0 0.2348372489
5 1 0.2195903659
5 2 0.4249095321
5 3 0.4045963883
5 4 0.3029955328
6 0 0.3196028471
6 1 0.3029094636
6 2 0.3286631107
6 3 0.3855364919
6 4 0.3371908665
7 0 0.3016958833
7 1 0.2910787165
7 2 0.3206295967
7 3 0.3666242659
7 4 0.3491095304
8 0 0.3039124906
8 1 0.293632865
8 2 0.3205654621
8 3 0.3654639423
8 4 0.3500264287
9 0 0.3018329144
9 1 0.2913615406
9 2 0.3198296428
9 3 0.365519464
9 4 0.3486841917
10 0 0.3031930327
10 1 0.2924511731
10 2 0.3216489255
10 3 0.3682068884
10 4 0.348388046
11 0 0.3027795255
11 1 0.2917734683
11 2 0.3204307556
11 3 0.3665235341
11 4 0.3495518267
12 0 0.3028659821
12 1 0.2919074893
12 2 0.3194272816
12 3 0.3661822677
12 4 0.3474493921
13 0 0.2031737268
13 1 0.1885348856
13 2 0.4353712201
13 3 0.47115767
13 4 0.2748508155
#336
0 0 0.1897167563
1 0 0.1337226331
2 0 0.1854277402
3 0 0.0665471852
4 0 0.1481119543
5 0 0.1987418383
6 0 0.2218803465
7 0 0.1311107874
8 0 0.0015895471
9 0 0.1309110969
10 0 0.2419905663
11 0 0.3125097156
12 0 0.2959654629
13 0 0.1144146323
14 0 0.1318686157
15 0 0.1581676453
16 0 0.1554171294
#97
0 0 0.1566383541
0 1 0.2395170629
0 2 -0.0250075143
0 3 0.1107285395
1 0 0.3481113613
1 1 0.2390233278
1 2 0.045593977
1 3 0.0397742167
2 0 0.2966675162
2 1 0.2955199778
2 2 0.0248575322
2 3 0.1280463636
3 0 0.1208754703
3 1 0.2051625252
3 2 0.0860458016
3 3 0.239240855
4 0 0.1454526782
4 1 0.235579446
4 2 0.1300419718
4 3 0.2527488172
5 0 0.2537868023
5 1 0.0624704994
5 2 0.3319398463
5 3 0.3804472685
6 0 0.0705723241
6 1 0.1011222973
6 2 0.0684001073
6 3 0.1430806369
7 0 0.1149394363
7 1 0.1845040917
7 2 0.0881056264
7 3 0.2438962013
8 0 0.2081344426
8 1 0.0460218564
8 2 0.3044764102
8 3 0.4196145236
9 0 0.0697748214
9 1 0.0996713042
9 2 0.0674582347
9 3 0.1413582712
10 0 0.0805440396
10 1 0.1099836528
10 2 0.0621068142
10 3 0.139679417
#206
0 0 0.3122275472
0 1 0.1539710164
0 2 -0.0328370519
0 3 0.1036317647
0 4 0.0895349756
1 0 0.0056103342
1 1 0.0929988921
1 2 0.2238886952
1 3 0.0230147708
1 4 0.185212329
2 0 -0.0775362998
2 1 0.1106876209
2 2 0.0348068066
2 3 -0.0448422804
2 4 0.0093827592
3 0 0.2340987921
3 1 0.0683574453
3 2 -0.0201669484
3 3 0.0361069851
3 4 0.262468636
4 0 -0.0075175953
4 1 -0.089949131
4 2 0.0595383644
4 3 0.0321470052
4 4 0.1346355826
5 0 0.1242933795
5 1 0.0395944677
5 2 0.0686870739
5 3 0.058303073
5 4 0.2674672306
6 0 0.1094667241
6 1 0.0779134333
6 2 0.090333797
6 3 0.0284315497
6 4 0.2696322203
7 0 0.0707420781
7 1 -0.1138124019
7 2 0.2397747785
7 3 0.0329804197
7 4 0.0735146031
8 0 -0.1271087825
8 1 0.1598558873
8 2 0.0762637183
8 3 -0.0404727571
8 4 -0.0007225085
9 0 -0.0988392383
9 1 0.2272489518
9 2 0.0605645925
9 3 -0.0950225294
9 4 0.0207092352
10 0 0.1338828355
10 1 0.3394204974
10 2 0.2162798494
10 3 0.2269840389
10 4 0.2967775464
11 0 0.2188387662
11 1 0.0753793865
11 2 -0.0116027249
11 3 0.1234585196
11 4 0.1775210947
12 0 0.1330045313
12 1 0.0049405424
12 2 -0.0919705555
12 3 0.0896675736
12 4 0.1011794284
13 0 0.0927482247
13 1 -0.0306898095
13 2 0.015894141
13 3 0.1286578327
13 4 0.2025125623
14 0 0.0911938101
14 1 0.0384768024
14 2 0.1526357085
14 3 0.2255096734
14 4 0.25368312
15 0 -0.0478618778
15 1 0.1738588065
15 2 0.0575558431
15 3 0.0170762986
15 4 0.0410354845
16 0 0.146184817
16 1 -0.0243115854
16 2 -0.0534105524
16 3 0.0613384359
16 4 0.0774441734
17 0 -0.0136979613
17 1 0.0966200158
17 2 0.0279337522
17 3 -0.0177205261
17 4 0.0750336647
18 0 0.0911938101
18 1 0.0384768024
18 2 0.1526357085
18 3 0.2255096734
18 4 0.25368312
19 0 0.06650085
19 1 0.0846368223
19 2 0.1358118802
19 3 0.2304954976
19 4 0.2316114604
20 0 0.0550504588
20 1 0.2119901031
20 2 0.1334828883
20 3 0.0879449323
20 4 0.0981917903
21 0 0.0911938101
21 1 0.0384768024
21 2 0.1526357085
21 3 0.2255096734
21 4 0.25368312
22 0 0.0911938101
22 1 0.0384768024
22 2 0.1526357085
22 3 0.2255096734
22 4 0.25368312
23 0 -0.0868470445
23 1 0.2427567542
23 2 0.1286203712
23 3 0.0549469441
23 4 0.0575482287
24 0 0.0716404468
24 1 0.0877696052
24 2 0.1611350477
24 3 0.175725475
24 4 0.218108505
25 0 0.005524233
25 1 0.0937527046
25 2 0.2255183905
25 3 0.0247422419
25 4 0.1889048368
26 0 -0.088444531
26 1 0.0955907404
26 2 0.035418503
26 3 -0.0661257356
26 4 0.0023501865
27 0 0.0028366724
27 1 0.0925449505
27 2 0.2236760706
27 3 0.022398252
27 4 0.1848634332
28 0 0.0026297318
28 1 0.0939454287
28 2 0.2241411805
28 3 0.0226033144
28 4 0.1848754436
#208
0 0 0.0629321039
0 1 0.0193943009
0 2 -0.1095420644
0 3 -0.0168386232
0 4 -0.0154823372
0 5 -0.0385678709
1 0 0.136947751
1 1 0.0488110892
1 2 -0.0819029137
1 3 0.0507935025
1 4 0.0314658433
1 5 0.0263819881
2 0 0.2641271949
2 1 0.2075563669
2 2 0.2144748122
2 3 0.2176728249
2 4 0.1912076324
2 5 0.1467808485
3 0 0.2792271376
3 1 0.3728272617
3 2 0.1265967935
3 3 0.2940964997
3 4 0.2306347638
3 5 0.1364390403
4 0 0.1351720393
4 1 0.0479345657
4 2 -0.0847656354
4 3 0.0488762781
4 4 0.0296398625
4 5 0.0225558691
5 0 0.2641271949
5 1 0.2075563669
5 2 0.2144748122
5 3 0.2176728249
5 4 0.1912076324
5 5 0.1467808485
6 0 0.2792271376
6 1 0.3728272617
6 2 0.1265967935
6 3 0.2940964997
6 4 0.2306347638
6 5 0.1364390403
7 0 0.1334500015
7 1 0.0435385704
7 2 -0.0854313448
7 3 0.0465839505
7 4 0.0262190532
7 5 0.0218481384
8 0 0.1388762295
8 1 0.1822218746
8 2 0.2272191346
8 3 0.1789146662
8 4 0.174510628
8 5 0.1643969268
9 0 0.2792271376
9 1 0.3728272617
9 2 0.1265967935
9 3 0.2940964997
9 4 0.2306347638
9 5 0.1364390403
10 0 0.1396512389
10 1 0.0562675446
10 2 -0.0858799294
10 3 0.0466246791
10 4 0.0298170652
10 5 0.0228979029
11 0 0.1388762295
11 1 0.1822218746
11 2 0.2272191346
11 3 0.1789146662
11 4 0.174510628
11 5 0.1643969268
12 0 0.2792271376
12 1 0.3728272617
12 2 0.1265967935
12 3 0.2940964997
12 4 0.2306347638
12 5 0.1364390403
13 0 0.0234008785
13 1 0.0284598991
13 2 -0.0857066363
13 3 -0.0368219838
13 4 0.0337411128
13 5 -0.0443933681
14 0 0.2179674953
14 1 0.1990187913
14 2 0.0447288305
14 3 0.0222178716
14 4 0.1989173591
14 5 0.1397228092
15 0 0.2195926011
15 1 0.2053994238
15 2 0.0398640446
15 3 0.0206238125
15 4 0.1968926191
15 5 0.1367936432
16 0 -0.062968187
16 1 0.0520556271
16 2 -0.0944281444
16 3 0.0239953771
16 4 0.1099505946
16 5 0.0301973056
17 0 0.2331117094
17 1 0.195004046
17 2 0.2077166289
17 3 0.1843207181
17 4 0.1830716878
17 5 0.131605193
18 0 -0.0465122536
18 1 0.0653092042
18 2 -0.0798647553
18 3 0.0391116031
18 4 0.1254190207
18 5 0.0426635444
19 0 0.1188020632
19 1 0.1698174775
19 2 0.2207994312
19 3 0.14507927
19 4 0.1681292504
19 5 0.155855149
#343
0 0 0.3930554092
0 1 0.1959892064
0 2 0.2625603974
1 0 0.2611318231
1 1 0.2226462066
1 2 0.1855366975
2 0 0.2004009336
2 1 0.3762868941
2 2 0.1483106762
3 0 0.0975662172
3 1 0.3379794061
3 2 0.110485442
4 0 0.1977449358
4 1 0.3933116496
4 2 0.1860831529
5 0 0.2785287201
5 1 0.1560373306
5 2 0.09580452
6 0 0.2884603739
6 1 0.1379997283
6 2 0.0987942591
7 0 0.2034450173
7 1 0.2415902019
7 2 0.0406865552
8 0 0.1355391145
8 1 0.2340304255
8 2 0.0445119403
9 0 0.1613125503
9 1 0.181039229
9 2 -0.011490928
10 0 0.1668391377
10 1 0.2418567389
10 2 0.0424798541
11 0 0.323361069
11 1 0.3833718598
11 2 0.2634627819
12 0 0.3246798813
12 1 0.1403288245
12 2 0.3053837121
13 0 0.169936955
13 1 0.4228188097
13 2 0.0975347459
14 0 0.3652924299
14 1 0.1230804026
14 2 0.2995300293
15 0 0.1798521727
15 1 0.4120095074
15 2 0.0794888362
16 0 0.3187772334
16 1 0.1935389489
16 2 0.3247296214
#315
0 0 0.0574095398
0 1 -0.1007410884
1 0 0.0450586192
1 1 -0.0108598014
2 0 0.0573470183
2 1 -0.0792118758
3 0 0.0173690803
3 1 -0.0326638669
4 0 0.0888721794
4 1 0.0233352091
#316
0 0 -0.1055332348
0 1 0.2629615068
0 2 0.14076294
0 3 0.138602525
1 0 0.0729914829
1 1 0.3089411557
1 2 0.1831826121
1 3 0.0451472811
2 0 0.1920562834
2 1 0.1464967132
2 2 0.0676221177
2 3 -0.0469283126
3 0 -0.0397723131
3 1 0.429728657
3 2 0.0959670022
3 3 0.0806229264
4 0 0.0149846682
4 1 0.2616348267
4 2 0.1224392354
4 3 0.008558359
5 0 -0.0131055536
5 1 0.0334786884
5 2 0.4110125899
5 3 0.2422696799
6 0 -0.1785967499
6 1 0.2138986439
6 2 -0.0347760133
6 3 0.0865777284
7 0 -0.240178436
7 1 0.2037973553
7 2 -0.0764060393
7 3 0.3254979253
8 0 -0.2336394638
8 1 0.2259670496
8 2 -0.039210733
8 3 0.3223221898
9 0 -0.2504967153
9 1 0.1679391265
9 2 0.0575940832
9 3 0.3321715295
10 0 -0.0821175277
10 1 0.0411144681
10 2 0.3005407155
10 3 0.299231112
11 0 0.035775695
11 1 0.3483465314
11 2 0.2172376364
11 3 0.0695162639
12 0 -0.1438316703
12 1 0.2432612628
12 2 -0.1133452579
12 3 0.1707344353
13 0 -0.2020562738
13 1 0.2669159472
13 2 0.1178670824
13 3 0.3794028163
14 0 -0.238293469
14 1 0.231428504
14 2 -0.02631348
14 3 0.3335423768
15 0 0.0343760066
15 1 0.1864275932
15 2 0.1589432806
15 3 0.0601205789
16 0 0.0360988826
16 1 0.180943951
16 2 0.1652770936
16 3 0.0627094433
#120
0 0 0.1777231395
0 1 0.1128687635
0 2 0.261112839
1 0 0.1869372278
1 1 0.1230150908
1 2 0.2602316439
2 0 0.0933057889
2 1 0.123685509
2 2 0.2110292912
3 0 0.1004859582
3 1 0.1309642196
3 2 0.2146630734
4 0 0.1001907811
4 1 0.1307159364
4 2 0.2144593
5 0 0.1091735959
5 1 0.0957849547
5 2 0.368055284
6 0 0.0481889695
6 1 0.0848074183
6 2 0.0951034203
7 0 0.0558983237
7 1 0.0916084945
7 2 0.1629847437
8 0 0.1102382243
8 1 0.0539759323
8 2 0.2659907043
9 0 0.1095390841
9 1 0.0447085053
9 2 0.2843929529
10 0 0.1118270084
10 1 0.1459933668
10 2 0.2187561691
#121
0 0 -0.1938480735
0 1 -0.0306191109
1 0 0.024417324
1 1 0.101491183
2 0 0.0444115885
2 1 0.0261545368
3 0 0.0713560134
3 1 0.027067082
4 0 0.0978004411
4 1 0.0231171362
5 0 0.0623046719
5 1 0.329482466
6 0 -0.1402144432
6 1 0.3137400448
7 0 -0.2357144654
7 1 0.2943799496
#108
0 0 0.3001806438
0 1 0.1053835079
0 2 -0.0350045674
0 3 -0.0616589077
0 4 -0.1093821004
0 5 0.2421183437
0 6 0.1687609851
0 7 0.0064169778
0 8 0.0694296211
0 9 -0.0249103606
1 0 0.3939616382
1 1 0.1391216516
1 2 0.0346465372
1 3 7.41395e-05
1 4 0.0083567463
1 5 0.273864001
1 6 0.1721090525
1 7 0.0284500215
1 8 0.1016899347
1 9 0.0310998373
2 0 0.3429913521
2 1 0.1452578902
2 2 0.0383582562
2 3 0.1254318506
2 4 0.0475340188
2 5 0.276362896
2 6 0.1617629081
2 7 -0.0241382606
2 8 0.0891784504
2 9 0.0412706472
3 0 0.1383886784
3 1 0.1189096048
3 2 -0.076468125
3 3 0.1790698022
3 4 0.2095810026
3 5 0.1404744983
3 6 0.2408459187
3 7 0.084368743
3 8 0.1660227329
3 9 0.341200918
4 0 0.3196404278
4 1 0.2426758707
4 2 0.1181288436
4 3 0.2659552097
4 4 0.4418553114
4 5 0.2113740444
4 6 0.3407349586
4 7 -0.0585349351
4 8 0.0333075002
4 9 0.2967629135
5 0 0.3234127164
5 1 0.2313221991
5 2 0.1219318584
5 3 0.2388209254
5 4 0.4301392138
5 5 0.2302401364
5 6 0.3605556488
5 7 -0.0265136082
5 8 0.0410390086
5 9 0.2852384448
6 0 0.3434537947
6 1 0.2468368411
6 2 0.0853372291
6 3 0.2772588432
6 4 0.4310316443
6 5 0.2329959571
6 6 0.2502529323
6 7 0.1125738397
6 8 0.2425213009
6 9 0.4576417804
7 0 0.4151621461
7 1 0.2935110629
7 2 0.1808041781
7 3 0.0016916088
7 4 -0.0304883756
7 5 0.3747741282
7 6 0.2349349856
7 7 0.0351431258
7 8 -0.0479825996
7 9 -0.0558535792
8 0 0.3843035698
8 1 0.171819821
8 2 0.1853526086
8 3 0.0331392549
8 4 0.037762057
8 5 0.3236460984
8 6 0.3414155245
8 7 0.0759434626
8 8 -0.0792492256
8 9 -0.0193118975
9 0 0.270057112
9 1 0.1297514439
9 2 0.1896636635
9 3 0.0473830737
9 4 0.1055431664
9 5 0.1345007569
9 6 0.2554807961
9 7 -0.0493902341
9 8 0.0337145254
9 9 0.0792378932
10 0 0.1832857132
10 1 0.2370742261
10 2 0.4121602774
10 3 0.3316521347
10 4 0.2999950647
10 5 0.1672206074
10 6 0.3303311169
10 7 0.2368151844
10 8 0.1916050911
10 9 0.1813880205
11 0 0.1029798537
11 1 0.0473941825
11 2 0.1168348342
11 3 0.1134065613
11 4 0.1714613289
11 5 -0.0398944989
11 6 0.1306572706
11 7 -0.1328165978
11 8 -0.0174270608
11 9 0.2215843052
12 0 0.3861942589
12 1 0.247430861
12 2 0.0975889117
12 3 0.1260221899
12 4 0.1341503561
12 5 0.3662782907
12 6 0.2703278065
12 7 0.0548271835
12 8 0.1794580221
12 9 0.1311791688
13 0 0.1383886784
13 1 0.1189096048
13 2 -0.076468125
13 3 0.1790698022
13 4 0.2095810026
13 5 0.1404744983
13 6 0.2408459187
13 7 0.084368743
13 8 0.1660227329
13 9 0.341200918
14 0 0.3089009821
14 1 0.2410732806
14 2 0.1040505096
14 3 0.2452625185
14 4 0.4336532354
14 5 0.2102731168
14 6 0.3546136618
14 7 -0.053852316
14 8 0.0247235745
14 9 0.2972610295
15 0 0.3185229897
15 1 0.2258212119
15 2 0.1156751812
15 3 0.2304336727
15 4 0.4249585867
15 5 0.2308520675
15 6 0.3617222309
15 7 -0.0257002618
15 8 0.0369421132
15 9 0.2808839679
16 0 0.3434537947
16 1 0.2468368411
16 2 0.0853372291
16 3 0.2772588432
16 4 0.4310316443
16 5 0.2329959571
16 6 0.2502529323
16 7 0.1125738397
16 8 0.2425213009
16 9 0.4576417804
17 0 0.4151723683
17 1 0.3343323171
17 2 0.0971205011
17 3 0.0434167907
17 4 0.0264789388
17 5 0.4261710346
17 6 0.276831001
17 7 0.0435189046
17 8 0.0293428097
17 9 -0.0148829818
18 0 0.2372277379
18 1 0.2377731651
18 2 0.36325863
18 3 0.1220425516
18 4 0.0320616029
18 5 0.1354700774
18 6 0.1883275807
18 7 0.3314855993
18 8 0.2397479266
18 9 0.0574771799
19 0 0.1159991175
19 1 0.0673958436
19 2 0.089625828
19 3 0.1093638763
19 4 0.1718093157
19 5 -0.0074306661
19 6 0.1463454366
19 7 -0.110838823
19 8 0.0056476113
19 9 0.2109805644
20 0 0.3843035698
20 1 0.171819821
20 2 0.1853526086
20 3 0.0331392549
20 4 0.037762057
20 5 0.3236460984
20 6 0.3414155245
20 7 0.0759434626
20 8 -0.0792492256
20 9 -0.0193118975
21 0 0.1997205913
21 1 0.2374864221
21 2 0.4104766846
21 3 0.3295533657
21 4 0.3047614992
21 5 0.1884121597
21 6 0.3459635675
21 7 0.2172741294
21 8 0.192618832
21 9 0.1722250879
22 0 0.0997258052
22 1 0.044605244
22 2 0.1136508435
22 3 0.111448884
22 4 0.1690173298
22 5 -0.040374212
22 6 0.1289976686
22 7 -0.131787017
22 8 -0.0168963037
22 9 0.2215013206
23 0 0.2641911507
23 1 0.1278343052
23 2 0.1953061819
23 3 0.0462815613
23 4 0.1067374647
23 5 0.1365220547
23 6 0.2631506324
23 7 -0.046236597
23 8 0.034041252
23 9 0.0734651834
24 0 0.1794603765
24 1 0.2161052227
24 2 0.4027181268
24 3 0.3345236182
24 4 0.3099208176
24 5 0.1790229529
24 6 0.3391586542
24 7 0.2306896895
24 8 0.209579885
24 9 0.1863797158
25 0 0.1001131088
25 1 0.0446982048
25 2 0.1134737656
25 3 0.1121421382
25 4 0.1697273552
25 5 -0.0397574604
25 6 0.1292710155
25 7 -0.1315218061
25 8 -0.016625192
25 9 0.2218007743
26 0 0.1174770221
26 1 0.0667500794
26 2 0.0897915214
26 3 0.1100150868
26 4 0.1732829362
26 5 -0.0069610551
26 6 0.1475724876
26 7 -0.1111580729
26 8 0.0060338271
26 9 0.2122511417
27 0 0.1192669496
27 1 0.0699120834
27 2 0.0878227428
27 3 0.111516647
27 4 0.1744137853
27 5 -0.0061891028
27 6 0.1431106031
27 7 -0.1125523522
27 8 0.0075778319
27 9 0.2134945542
#246
0 0 -0.0289999992
0 1 -0.06346412
0 2 -0.1670422256
0 3 0.1591854542
0 4 -0.069378905
0 5 0.1395315677
1 0 0.1255526096
1 1 0.0074515301
1 2 -0.071129635
1 3 0.2539046407
1 4 -0.0710163936
1 5 0.2193745375
2 0 0.1335793436
2 1 0.0343606509
2 2 0.0718265921
2 3 0.2315661609
2 4 0.0700960681
2 5 0.1621937156
3 0 0.1359766573
3 1 0.0357494652
3 2 0.0739889592
3 3 0.2342334688
3 4 0.0710489824
3 5 0.1641060859
4 0 0.0738912374
4 1 0.0502276979
4 2 0.0433146879
4 3 0.2558468282
4 4 0.0587839596
4 5 0.0734354332
5 0 0.1321258992
5 1 0.0330808945
5 2 0.0736588687
5 3 0.2329134643
5 4 0.0678576007
5 5 0.1522475034
6 0 0.0794161111
6 1 0.1160545498
6 2 0.0956541598
6 3 0.3246931732
6 4 0.0810151473
6 5 0.0937514305
7 0 0.1324760765
7 1 0.033667855
7 2 0.0713573992
7 3 0.2324294001
7 4 0.0711797923
7 5 0.1588888913
#124
0 0 0.2733082473
1 0 0.2698878646
2 0 0.2631601393
3 0 0.2223505378
4 0 0.1632234752
5 0 0.1643006653
6 0 0.1642873883
#169
0 0 0.1005092189
0 1 0.1023793742
1 0 0.3256184161
1 1 0.3153967559
2 0 0.3056390285
2 1 0.2918560505
3 0 0.1075886115
3 1 0.1088400111
4 0 0.3256184161
4 1 0.3153967559
5 0 0.3055145442
5 1 0.2917172611
#229
0 0 0.411747247
0 1 0.3074111342
0 2 0.3531598449
0 3 0.4516971111
1 0 0.2732615173
1 1 0.200787738
1 2 0.2641283572
1 3 0.3574599326
2 0 0.1866917163
2 1 0.1462130547
2 2 0.2478695214
2 3 0.1640684009
3 0 0.0517981946
3 1 0.1532021612
3 2 0.1356198341
3 3 0.2411172837
4 0 0.0325502343
4 1 0.0867640525
4 2 0.0744063631
4 3 0.1893831193
5 0 0.1977555454
5 1 0.1617046297
5 2 0.2577150762
5 3 0.1769794226
6 0 0.1922155321
6 1 0.1601833105
6 2 0.2536545396
6 3 0.1735712439
7 0 0.0845578909
7 1 0.3458079994
7 2 0.1570070684
7 3 0.3402996659
8 0 0.1868756711
8 1 0.1465838403
8 2 0.2481978089
8 3 0.1642623395
9 0 0.1500884891
9 1 0.019435795
9 2 0.0073481645
9 3 0.2264101058
10 0 0.1193228662
10 1 0.3497787416
10 2 0.2459626943
10 3 0.3108841181
11 0 0.1958600134
11 1 0.1577871591
11 2 0.2533910573
11 3 0.1700773835
12 0 0.1865093112
12 1 0.147013694
12 2 0.2488851547
12 3 0.1649107635
13 0 0.184777379
13 1 0.1367632151
13 2 0.2263252288
13 3 0.1462951154
14 0 0.1847712547
14 1 0.1367413998
14 2 0.2262593061
14 3 0.1462801844
15 0 0.1940059811
15 1 0.1562800854
15 2 0.2511743903
15 3 0.1701317281
16 0 0.1924234778
16 1 0.1457173079
16 2 0.2456478179
16 3 0.166963011
17 0 0.1004689336
17 1 0.0991256982
17 2 0.0205715131
17 3 0.2734668255
18 0 0.225289315
18 1 0.2341989577
18 2 0.3570987582
18 3 0.3255999982
19 0 0.1628708392
19 1 0.1876518726
19 2 0.2269901782
19 3 0.3438374102
20 0 0.1076301485
20 1 0.1432523727
20 2 0.0994348377
20 3 0.2562634051
21 0 0.1007549167
21 1 0.134877786
21 2 0.0725711435
21 3 0.2736050189
22 0 0.4072575271
22 1 0.3728773296
22 2 0.4304562807
22 3 0.4785562754
23 0 -0.0649715737
23 1 0.0450389311
23 2 -0.0288476218
23 3 0.013415114
#228
0 0 0.1209632605
0 1 -0.0693180412
1 0 0.2162573189
1 1 -0.1474929601
2 0 0.2069851011
2 1 -0.1938567609
3 0 0.2126524597
3 1 0.1949227154
4 0 0.1689499319
4 1 -0.1506077051
5 0 0.1154089496
5 1 0.0154460603
6 0 0.0992389917
6 1 0.0807950869
7 0 0.4776726365
7 1 0.2448512465
8 0 0.099289082
8 1 0.0831767172
9 0 0.3965474367
9 1 0.2799150944
10 0 0.1427005231
10 1 -0.0431651585
11 0 0.1004850492
11 1 0.0815973282
12 0 0.147725895
12 1 -0.0480811112
13 0 0.155122444
13 1 0.118919313
14 0 0.0997383147
14 1 0.0834107623
#226
0 0 0.1386060119
1 0 0.1608235687
2 0 0.2580666244
3 0 0.2156328261
#129
0 0 0.1940897107
0 1 0.1329459548
0 2 0.1434138268
1 0 0.1529400796
1 1 0.0762161091
1 2 0.0313034579
2 0 0.2830881774
2 1 0.2720122039
2 2 0.0183313526
3 0 0.0640695244
3 1 0.0333644189
3 2 0.02008144
4 0 0.1847685874
4 1 0.1285449862
4 2 0.1625153124
5 0 0.3038722873
5 1 0.2903158963
5 2 0.0291651376
6 0 0.0968522057
6 1 0.0643485487
6 2 0.015837051
#225
0 0 0.1994642466
0 1 -0.0119325034
1 0 0.1962859035
1 1 0.0411955528
2 0 0.1369810551
2 1 -0.0952710509
3 0 0.1701557487
3 1 -0.104157038
4 0 0.1354899406
4 1 -0.0473603718
5 0 0.147405386
5 1 -0.0252665784
6 0 0.1901077777
6 1 -0.0056605623
7 0 0.2737246752
7 1 0.2322321087
8 0 0.117417559
8 1 0.0013918339
9 0 0.2130243033
9 1 0.1967205107
10 0 0.2506308258
10 1 0.0575896651
11 0 0.2211809605
11 1 0.2871478498
12 0 0.0665234029
12 1 -0.1398610771
13 0 0.2005802691
13 1 0.2339572906
14 0 0.1092555895
14 1 0.3038745522
15 0 0.1127803698
15 1 0.3049458563
16 0 0.1548406482
16 1 -0.0616302341
17 0 0.1485674381
17 1 -0.0685238764
18 0 0.171527788
18 1 -0.074127771
#192
0 0 0.0964259356
0 1 0.1465058923
1 0 0.0397952124
1 1 0.1702598631
2 0 0.0215762239
2 1 0.0471068658
3 0 0.0244457759
3 1 0.0496424325
4 0 0.0257005133
4 1 0.0526671447
5 0 0.0429806933
5 1 0.2565911412
6 0 -0.0485546365
6 1 0.0930650607
7 0 0.0221250933
7 1 0.048868645
8 0 0.0225233622
8 1 0.0491226651
9 0 0.0220184065
9 1 0.0501406267
10 0 0.0227140635
10 1 0.0505549163
11 0 0.022082109
11 1 0.0502202585
12 0 0.025950022
12 1 0.0571501665
13 0 0.0342662074
13 1 0.0645044819
#249
0 0 0.103991501
0 1 -0.0325918943
1 0 0.1484791487
1 1 0.246130988
2 0 0.1700943857
2 1 0.2446528524
3 0 0.168698445
3 1 0.1423902363
4 0 0.1268116981
4 1 0.1220910251
5 0 0.0611141734
5 1 0.0639769137
#222
0 0 0.0276307408
0 1 0.2249792814
0 2 0.1677179933
1 0 0.0171307232
1 1 0.1522177011
1 2 0.0787298083
2 0 -0.1172422022
2 1 0.0567096584
2 2 0.0359092131
3 0 -0.1767558455
3 1 -0.0866006315
3 2 -0.0118597588
4 0 0.0810136423
4 1 0.2461285144
4 2 0.1684066951
#481
0 0 0.3963685632
0 1 0.3490160406
0 2 -0.0248749778
0 3 0.1883241981
0 4 0.1973089129
0 5 0.0302551072
1 0 0.4053733647
1 1 0.3471240103
1 2 -0.0292901881
1 3 0.1958369464
1 4 0.1997099072
1 5 0.034476921
2 0 0.3061625361
2 1 0.349280864
2 2 -0.0232721977
2 3 0.1541123688
2 4 0.0879563615
2 5 0.1039268002
3 0 0.3627674282
3 1 0.3015957177
3 2 0.0870269611
3 3 0.2557085156
3 4 0.2421621978
3 5 0.248671025
4 0 0.2962070704
4 1 0.3530776501
4 2 -0.0043880767
4 3 0.3077098131
4 4 0.2867220342
4 5 0.0758760199
5 0 0.3438794911
5 1 0.3610227108
5 2 0.0051344824
5 3 0.2159931511
5 4 0.2577754855
5 5 0.0902126655
6 0 0.3382292688
6 1 0.3308175504
6 2 0.1657743603
6 3 0.2731496394
6 4 0.1797368079
6 5 0.0798306763
7 0 0.078783989
7 1 0.0579027236
7 2 0.1807364076
7 3 0.0773421153
7 4 0.1433925182
7 5 0.1358667165
8 0 0.3782213926
8 1 0.3916813135
8 2 0.074178122
8 3 0.2610723972
8 4 0.2126508206
8 5 0.043870341
9 0 0.2824970484
9 1 0.3968411386
9 2 0.1652569324
9 3 0.3547034562
9 4 0.4086572826
9 5 0.0667909533
10 0 0.3345307112
10 1 0.4234654009
10 2 0.0756657198
10 3 0.2502087653
10 4 0.3517152965
10 5 0.0959091932
11 0 0.3393349051
11 1 0.3953294456
11 2 0.0798323974
11 3 0.3855530322
11 4 0.3669498265
11 5 0.0614395589
12 0 0.4194341004
12 1 0.32579723
12 2 0.0898229852
12 3 0.2394147664
12 4 0.2238289565
12 5 0.2035048157
13 0 0.2513098121
13 1 0.5052418113
13 2 0.08651454
13 3 0.3895938396
13 4 0.6181685328
13 5 0.0254369844
14 0 0.0719842538
14 1 0.0953514725
14 2 0.2126741558
14 3 0.1700178534
14 4 0.2866088152
14 5 0.0813769251
15 0 0.1831356883
15 1 0.3088884652
15 2 0.2425266653
15 3 0.2386575937
15 4 0.2905971408
15 5 0.0116552664
16 0 0.1362253278
16 1 0.1435073614
16 2 0.2547779381
16 3 0.2263995409
16 4 0.2386779636
16 5 0.0282044299
#163
0 0 0.2441392839
0 1 -0.0669694617
0 2 0.1614903361
1 0 0.3762511909
1 1 0.0425003506
1 2 0.3039540052
2 0 0.3834969699
2 1 0.0646440014
2 2 0.3371415138
3 0 0.0501305573
3 1 -0.0638222843
3 2 0.2196217477
4 0 0.2759965658
4 1 -0.0157372411
4 2 0.1812356859
5 0 0.1564490646
5 1 -0.063305296
5 2 0.1014038622
6 0 0.0476067141
6 1 0.1148100793
6 2 0.1224157959
7 0 0.1195685863
7 1 -0.139194414
7 2 0.2203978151
8 0 0.069596909
8 1 -0.0503110029
8 2 0.2365325093
9 0 0.1158806682
9 1 -0.1176537424
9 2 0.2258430421
10 0 0.0754931197
10 1 -0.2339441031
10 2 -0.0691760257
11 0 0.1190818474
11 1 -0.1270410568
11 2 0.2233872712
12 0 0.0510677695
12 1 0.1230374947
12 2 0.1287389547
13 0 -0.0365742408
13 1 -0.130349353
13 2 0.1416718662
14 0 0.0417548008
14 1 0.1197307855
14 2 0.1210570112
#99
0 0 0.3014502823
0 1 0.2370718718
0 2 0.2250452936
1 0 0.2609480321
1 1 0.3335763514
1 2 0.2766199708
2 0 0.1841682345
2 1 0.395185858
2 2 0.253159672
3 0 0.1687946469
3 1 0.4189502299
3 2 0.1868170947
4 0 0.0822379217
4 1 0.2186450064
4 2 0.122269921
5 0 0.2406216413
5 1 0.3221100569
5 2 0.1954360455
6 0 0.0830922499
6 1 0.2168297619
6 2 0.1230743229
7 0 0.2306061089
7 1 0.4574011564
7 2 0.3497885168
8 0 0.1600159258
8 1 0.4121545553
8 2 0.1788859963
9 0 0.0845199227
9 1 0.2207933068
9 2 0.1236377135
10 0 0.1016530916
10 1 0.21624735
10 2 0.1477195174
#316-2
0 0 0.2616625428
0 1 0.2978410125
0 2 0.2553236187
1 0 0.2647353411
1 1 0.2920690179
1 2 0.2501796186
2 0 0.27138713
2 1 0.2900365293
2 2 0.264834553
#121_1
0 0 -0.0735111833
1 0 -0.0447122268
2 0 -0.0009623267
3 0 0.0885431394
4 0 0.2863943577
5 0 0.3891193271
6 0 0.0870075524
7 0 -0.0086268531
#350
0 0 0.3689982593
0 1 0.0169819184
0 2 0.4009910822
0 3 0.2219256759
1 0 0.2870466709
1 1 -0.0080370912
1 2 0.3101758361
1 3 0.0986030474
2 0 0.2601489723
2 1 -0.0642439723
2 2 0.185431987
2 3 0.0626924559
3 0 0.1233851239
3 1 0.142529875
3 2 0.181980148
3 3 -0.0561859049
4 0 0.3026672602
4 1 -0.0376012586
4 2 0.2532612085
4 3 0.0659375712
5 0 -0.0334344022
5 1 0.1884269714
5 2 -0.0023686339
5 3 -0.0517492481
6 0 0.3066844046
6 1 -0.0513054021
6 2 0.2712517679
6 3 0.0433879681
7 0 0.2311429828
7 1 0.0217431225
7 2 0.2384596616
7 3 0.048896499
8 0 0.3067248464
8 1 -0.0025947746
8 2 0.3163680434
8 3 0.2792743742
9 0 0.2583796978
9 1 0.0643220544
9 2 0.2644460499
9 3 0.1535191834
10 0 0.3503104746
10 1 0.0914250761
10 2 0.3376722336
10 3 0.3557241857
11 0 0.0868650675
11 1 0.108561106
11 2 0.158639282
11 3 0.0520624332
12 0 0.2755023539
12 1 0.018835796
12 2 0.3463405371
12 3 0.3426214159
13 0 0.2228691578
13 1 0.0395079255
13 2 0.1846690625
13 3 0.1399478018
14 0 0.2194700539
14 1 0.0385707393
14 2 0.1812489778
14 3 0.1443274915
15 0 0.0741601288
15 1 0.0700395405
15 2 0.1536783725
15 3 0.0099423928
16 0 0.178835094
16 1 0.0430561416
16 2 0.231113866
16 3 0.1099597216
17 0 0.2038189769
17 1 0.0604520664
17 2 0.1999814957
17 3 0.2552197278
18 0 0.1809435934
18 1 0.080531165
18 2 0.2273534089
18 3 0.2317269295
19 0 0.2898670137
19 1 0.0909362808
19 2 0.34927091
19 3 0.2800124884
20 0 0.2938080132
20 1 0.0942280218
20 2 0.3500671387
20 3 0.2915201783
21 0 0.0991238356
21 1 0.0210000686
21 2 0.172691837
21 3 0.1562316269
22 0 0.270056814
22 1 0.0616197996
22 2 0.3272160888
22 3 0.0870816633
23 0 0.2238316387
23 1 0.0392137766
23 2 0.18738617
23 3 0.1445968002
#315-1
0 0 0.2304349542
0 1 0.1603799164
1 0 0.1307416409
1 1 0.0053968774
2 0 0.1324218512
2 1 0.1766242385
3 0 0.1931848377
3 1 0.0919891298
4 0 0.165926367
4 1 0.4775081873
#37
0 0 0.1681959033
0 1 0.2478738278
0 2 0.2573306859
1 0 0.34279567
1 1 0.3833885193
1 2 0.3386001587
2 0 0.3293114305
2 1 0.3723976314
2 2 0.2916498482
3 0 0.4113041162
3 1 0.3634689748
3 2 0.3575474024
4 0 0.0691299215
4 1 0.1624346972
4 2 0.1935482174
#234
0 0 0.193716988
0 1 0.1275010407
1 0 0.1457449943
1 1 0.2523167431
2 0 0.1598485708
2 1 0.2461553961
3 0 0.0442021601
3 1 0.1027630717
4 0 0.0064695235
4 1 0.0276035536
5 0 0.1502446234
5 1 0.1667390317
6 0 0.0264963154
6 1 0.1498523355
7 0 0.3218939304
7 1 0.203079775
8 0 0.1555159837
8 1 0.1819303334
9 0 0.1592064351
9 1 0.1782589257
10 0 -0.0535301007
10 1 0.1511808038
11 0 0.1675291061
11 1 0.2167634219
12 0 0.1565760076
12 1 0.2501104474
13 0 -0.109871842
13 1 0.1099385768
14 0 0.1775120795
14 1 0.1869210899
15 0 0.1621078104
15 1 0.2550908029
16 0 0.1273666173
16 1 0.1413570195
#367-1
0 0 0.0996609107
1 0 0.1587368697
#486
0 0 0.1181685403
0 1 0.2156950235
0 2 0.2476648986
0 3 0.2167937309
1 0 0.1543862373
1 1 0.2862683535
1 2 0.3121147156
1 3 0.3988463879
2 0 0.2896271944
2 1 0.3901901245
2 2 0.2841647267
2 3 0.4172202349
3 0 0.1236868724
3 1 0.1136906296
3 2 0.3088983893
3 3 0.1535593867
4 0 0.120760642
4 1 0.3007145822
4 2 0.2813510299
4 3 0.2951040268
5 0 -0.1023443267
5 1 -0.0553040877
5 2 -0.0123168528
5 3 -0.0571132414
6 0 0.1431188285
6 1 0.1078021675
6 2 0.2124324143
6 3 0.1658689827
7 0 -0.1304363757
7 1 -0.0685940608
7 2 -0.0579230711
7 3 -0.1043049917
8 0 0.240899533
8 1 0.2468046397
8 2 0.3086616695
8 3 0.3088891506
9 0 0.2270545661
9 1 0.3504765928
9 2 0.371254921
9 3 0.3669870794
10 0 0.363399893
10 1 0.2540385127
10 2 0.2471553683
10 3 0.4839555323
11 0 0.338840872
11 1 0.1028477326
11 2 0.2643403113
11 3 0.2880328596
12 0 0.3467738926
12 1 0.1664703935
12 2 0.3808608949
12 3 0.3028956652
13 0 0.1992744356
13 1 0.2000693083
13 2 0.3099820912
13 3 0.2896803916
14 0 0.1985702962
14 1 0.2243582606
14 2 0.3058561087
14 3 0.2869573832
15 0 0.1403151602
15 1 0.1959721595
15 2 0.3010337651
15 3 0.3590121269
16 0 0.1326628774
16 1 -0.0117116468
16 2 0.0351002254
16 3 0.2579008639
17 0 0.1137310788
17 1 0.344502598
17 2 0.2191094607
17 3 0.3921908438
18 0 0.2069563717
18 1 0.2597996593
18 2 0.3855469823
18 3 0.2765423357
19 0 0.222444281
19 1 0.1488864124
19 2 0.3138601482
19 3 0.2653318942
20 0 0.2192360461
20 1 0.1479607522
20 2 0.3126068115
20 3 0.2615016997
#184
0 0 0.0593090951
0 1 0.2167089432
0 2 0.1571330577
0 3 0.0625519231
1 0 0.4045558274
1 1 0.3502806723
1 2 0.320281297
1 3 0.1581199318
2 0 0.1926937401
2 1 0.3199412823
2 2 0.2578408718
2 3 0.0619911291
3 0 0.2809762657
3 1 0.2959765196
3 2 0.0849583447
3 3 -0.055593878
4 0 -0.1085450426
4 1 0.0104491841
4 2 -0.0428650975
4 3 -0.0759281591
5 0 -0.0712643415
5 1 0.1148770601
5 2 0.0991392732
5 3 0.1442655176
6 0 0.1020173803
6 1 0.1031823903
6 2 0.1700434685
6 3 0.1197912693
7 0 0.0056714904
7 1 0.1128145158
7 2 0.0682138354
7 3 0.0177318212
8 0 -0.1859200597
8 1 -0.0237209685
8 2 -0.1054890975
8 3 0.0195284188
9 0 0.0416154899
9 1 0.242194131
9 2 0.0337613598
9 3 -0.0110759875
10 0 -0.1268621683
10 1 -0.0359829329
10 2 -0.0377136618
10 3 -0.0806992203
11 0 -0.1374806613
11 1 -0.0609681793
11 2 -0.0719349608
11 3 -0.0602595434
12 0 0.1783720553
12 1 0.0733277574
12 2 0.179763183
12 3 0.2093653083
13 0 -0.1115870252
13 1 0.0424711406
13 2 0.0984377563
13 3 0.1274721771
14 0 0.1386333704
14 1 0.0163524803
14 2 0.1462597996
14 3 0.1806236804
15 0 0.1783720553
15 1 0.0733277574
15 2 0.179763183
15 3 0.2093653083
16 0 0.1836838424
16 1 0.211967051
16 2 0.4316729903
16 3 0.3200182617
17 0 0.16417256
17 1 0.2230285704
17 2 0.2952219248
17 3 0.1178297475
18 0 0.3164745569
18 1 0.3707433045
18 2 0.4238144159
18 3 0.2388298959
19 0 0.1815858036
19 1 0.0754600763
19 2 0.1858029664
19 3 0.2104956955
#56-1
0 0 0.0572571717
0 1 0.0954657868
0 2 0.0377451554
0 3 0.1431254148
0 4 -0.0761544853
0 5 -0.2325854897
0 6 -0.0623641051
0 7 -0.0180310626
1 0 0.3924357891
1 1 0.2218282968
1 2 -0.0456033237
1 3 0.3118726015
1 4 -0.0257078502
1 5 -0.0778872073
1 6 -0.0314384028
1 7 0.0126027437
2 0 0.1562336385
2 1 0.1530703157
2 2 0.0664509311
2 3 0.2468328625
2 4 0.0055871946
2 5 -0.1599360108
2 6 -0.024090495
2 7 0.0155180059
3 0 0.1767118126
3 1 0.2773910761
3 2 0.1445407867
3 3 0.1395768374
3 4 0.1146424413
3 5 -0.0700376555
3 6 0.1132132262
3 7 0.1599961966
4 0 0.3430259526
4 1 0.2439535558
4 2 0.3778670132
4 3 0.3370508552
4 4 0.1448775679
4 5 -0.1151322871
4 6 0.1197872013
4 7 0.1159989834
5 0 0.3454221487
5 1 0.2432003617
5 2 0.3837088943
5 3 0.3390359581
5 4 0.1586939991
5 5 -0.121469371
5 6 0.127019465
5 7 0.1222387776
6 0 0.3485835195
6 1 0.2475933135
6 2 0.3820171058
6 3 0.3425133526
6 4 0.150614202
6 5 -0.1190112382
6 6 0.1180546135
6 7 0.1187425703
7 0 0.3515644372
7 1 0.2265854925
7 2 0.3923777342
7 3 0.3257564306
7 4 0.1497968286
7 5 -0.1282488257
7 6 0.1373284161
7 7 0.1212557331
8 0 0.3020170033
8 1 0.1630617529
8 2 0.4251482189
8 3 0.3168893456
8 4 0.1103393137
8 5 -0.075961113
8 6 0.2546956539
8 7 0.2594369948
9 0 0.2472642809
9 1 0.2517510653
9 2 0.2322948575
9 3 0.1502532214
9 4 0.1976211965
9 5 0.0495685153
9 6 0.1206969246
9 7 0.1568859816
#257
0 0 0.1414753646
1 0 0.2777565122
2 0 0.3632335961
3 0 0.2442688495
4 0 0.1606812328
5 0 0.1275963336
6 0 0.2455166131
7 0 0.2186282426
#367-3
0 0 0.2903429568
1 0 0.5636871457
#56-5
0 0 -0.0836120471
1 0 0.0823799297
2 0 0.0814734399
3 0 0.0796651095
#367-2
0 0 0.1681959033
0 1 0.2478738278
0 2 0.2811177075
1 0 0.3478663862
1 1 0.3685232401
1 2 0.316752553
2 0 0.3577584624
2 1 0.3984904885
2 2 0.3790245652
3 0 0.3322879076
3 1 0.3442007899
3 2 0.3025251329
4 0 0.0691299215
4 1 0.1624346972
4 2 0.2217745781
#266
0 0 0.0429485328
0 1 0.1290576458
1 0 0.1164558008
1 1 0.1356131732
2 0 0.244051069
2 1 0.2738474011
3 0 -0.0671633333
3 1 0.1436094195
4 0 0.245908916
4 1 0.2888601124
5 0 0.129642427
5 1 0.1996403039
6 0 -0.0671633333
6 1 0.1436094195
7 0 0.0360910445
7 1 0.1380024105